55 0.5408 0.2393 0.1317 0.0300
55 0.4687 0.1206 0.1253 0.0084
55 0.3987 0.1301 0.0551 0.1471
55 0.7377 0.5452 0.0471 0.1663
55 0.3795 0.3837 0.0679 0.1245
55 0.1650 0.2761 0.0702 0.1111
55 0.4306 0.7672 0.1176 0.0320
55 0.4286 0.5728 0.0724 0.0998
55 0.2112 0.2720 0.0087 0.0601
55 0.1785 0.5037 0.0583 0.0469
55 0.0981 0.6454 0.0958 0.0332
55 0.3994 0.5248 0.0785 0.0233
55 0.3572 0.7983 0.0071 0.0620
55 0.3569 0.6650 0.0074 0.0178
55 0.3140 0.8370 0.0962 0.0827
55 0.3977 0.8389 0.0385 0.0606
55 0.0532 0.6393 0.0814 0.0556
55 0.1282 0.5843 0.0429 0.0082
55 0.0716 0.6481 0.0920 0.0132
55 0.1354 0.6547 0.0157 0.0055
55 0.4034 0.5778 0.0151 0.0288
55 0.1925 0.2946 0.0125 0.0207
55 0.3438 0.4389 0.0603 0.0046
55 0.1332 0.7679 0.0125 0.0180
36 0.2151 0.2387 0.0446 0.0841
36 0.2412 0.4659 0.0689 0.0885
16 0.2179 0.4078 0.0545 0.0671
36 0.2306 0.2956 0.0176 0.0190
36 0.3559 0.3198 0.0311 0.0947
39 0.1545 0.9811 0.0359 0.0373
58 0.1902 0.9770 0.0157 0.0137
36 0.3402 0.5167 0.0782 0.0281
36 0.2170 0.4145 0.0580 0.0663
36 0.1247 0.7436 0.0462 0.0168
59 0.6863 0.4057 0.0189 0.0207
29 0.7414 0.6086 0.0202 0.0123
58 0.7810 0.4746 0.0990 0.0619
