0 0.3572 0.6176 0.0631 0.0466
3 0.9484 0.6940 0.0450 0.0212
0 0.5152 0.7194 0.0481 0.0270
0 0.4617 0.6066 0.0239 0.0294
0 0.8502 0.5192 0.0196 0.0237
6 0.6797 0.5108 0.0083 0.0118
6 0.3028 0.0656 0.0169 0.0127
6 0.5443 0.0891 0.0150 0.0090
6 0.4688 0.8074 0.0061 0.0110
6 0.5021 0.7645 0.0086 0.0069
6 0.0135 0.8009 0.0245 0.0225
4 0.2126 0.8064 0.0931 0.0654
4 0.1578 0.8156 0.0643 0.0543
4 0.5639 0.0460 0.0322 0.0347
0 0.3954 0.5196 0.0077 0.0057
2 0.0671 0.7580 0.0545 0.0453
2 0.0241 0.8231 0.0481 0.0580
0 0.4991 0.7557 0.0276 0.0842
2 0.2528 0.7833 0.0968 0.0911
2 0.6066 0.7908 0.0037 0.0180
