20 0.4602 0.5862 0.1862 0.2309
27 0.5979 0.4602 0.1554 0.1243
58 0.5147 0.8674 0.0466 0.0231
9 0.8557 0.8454 0.0089 0.0166
9 0.8343 0.8119 0.0119 0.0077
9 0.8537 0.6937 0.0109 0.0060
9 0.7335 0.7591 0.0112 0.0092
9 0.4760 0.7426 0.0122 0.0129
9 0.5347 0.8181 0.0179 0.0122
9 0.5210 0.8411 0.0155 0.0077
9 0.7528 0.9919 0.0129 0.0122
9 0.8350 0.6119 0.0126 0.0084
9 0.0873 0.9027 0.0099 0.0117
9 0.8816 0.7912 0.0066 0.0074
9 0.7199 0.7770 0.0106 0.0069
9 0.9497 0.7941 0.0119 0.0074
9 0.9140 0.7980 0.0066 0.0067
