12 0.5484 0.5081 0.0895 0.0855
50 0.5131 0.5423 0.0155 0.0129
58 0.7649 0.5023 0.0274 0.0634
59 0.0866 0.8704 0.0180 0.0214
59 0.1462 0.3520 0.0098 0.0129
59 0.1634 0.4200 0.0114 0.0104
59 0.1507 0.1529 0.0155 0.0031
59 0.1732 0.1682 0.0065 0.0092
59 0.1589 0.1878 0.0106 0.0043
59 0.1850 0.2221 0.0074 0.0104
59 0.1238 0.3042 0.0139 0.0080
59 0.2655 0.2166 0.0196 0.0067
59 0.2529 0.1449 0.0155 0.0067
59 0.3215 0.1256 0.0123 0.0061
59 0.3807 0.0983 0.0180 0.0031
59 0.3321 0.0794 0.0106 0.0031
59 0.3652 0.0487 0.0131 0.0055
59 0.3799 0.0895 0.0147 0.0061
59 0.3656 0.0640 0.0139 0.0067
59 0.3799 0.0496 0.0114 0.0049
59 0.4918 0.1498 0.0098 0.0104
59 0.4734 0.1253 0.0139 0.0067
59 0.4755 0.1048 0.0131 0.0061
59 0.5458 0.1360 0.0114 0.0086
59 0.6070 0.1964 0.0114 0.0092
59 0.6585 0.5588 0.0180 0.0184
59 0.7810 0.5110 0.0131 0.0135
59 0.5776 0.5640 0.0196 0.0116
59 0.6920 0.5245 0.0131 0.0123
59 0.6912 0.5760 0.0114 0.0074
59 0.5723 0.1256 0.0041 0.0086
59 0.5699 0.1373 0.0123 0.0061
59 0.4898 0.1305 0.0090 0.0074
59 0.0347 0.2580 0.0155 0.0049
59 0.1540 0.4298 0.0139 0.0153
59 0.1083 0.2040 0.0074 0.0061
59 0.1973 0.2619 0.0106 0.0043
