0 0.6478 0.6065 0.0918 0.0904
0 0.6911 0.6201 0.0626 0.0739
0 0.6339 0.6786 0.0829 0.0569
0 0.7994 0.6788 0.0479 0.0518
0 0.7511 0.7132 0.0574 0.0500
6 0.6644 0.7815 0.0419 0.0634
0 0.8448 0.6191 0.0165 0.0295
0 0.5636 0.4559 0.0429 0.0442
0 0.7653 0.2995 0.0715 0.0597
4 0.0650 0.8871 0.1299 0.2259
6 0.4807 0.8679 0.0275 0.0108
0 0.3747 0.8170 0.0840 0.0895
2 0.5012 0.6745 0.0897 0.1318
6 0.2431 0.9410 0.0179 0.0169
0 0.4827 0.3603 0.1555 0.1443
0 0.2704 0.4301 0.1617 0.1468
6 0.5477 0.0844 0.0358 0.0242
6 0.1995 0.2004 0.0339 0.0230
