6 0.7691 0.1280 0.0475 0.0240
6 0.2889 0.0799 0.0393 0.0167
6 0.9675 0.2688 0.0650 0.0723
6 0.5183 0.5147 0.0841 0.0434
6 0.5535 0.5579 0.0496 0.0315
2 0.5248 0.6873 0.0283 0.0175
6 0.2139 0.4055 0.1220 0.0618
6 0.0237 0.4369 0.0474 0.0389
6 0.5845 0.2839 0.1478 0.1069
6 0.5237 0.2455 0.2441 0.1467
6 0.2246 0.2107 0.0622 0.0292
6 0.0320 0.1658 0.0631 0.0334
6 0.1449 0.1258 0.0600 0.0292
6 0.2418 0.0394 0.0531 0.0328
0 0.3674 0.5757 0.1640 0.0961
4 0.8084 0.5310 0.0841 0.0780
6 0.7037 0.4765 0.1034 0.0372
6 0.3081 0.4796 0.0965 0.0662
6 0.4273 0.4641 0.0648 0.0651
