0 0.7401 0.3387 0.1309 0.0610
0 0.0518 0.5220 0.1024 0.0755
0 0.3673 0.5978 0.3469 0.1400
6 0.4387 0.6700 0.0651 0.0384
0 0.5960 0.7123 0.0923 0.1788
0 0.4727 0.9764 0.1273 0.0472
2 0.8017 0.7407 0.3284 0.2567
0 0.8620 0.6641 0.1527 0.1305
0 0.7116 0.5958 0.0896 0.0439
0 0.8569 0.5388 0.1866 0.1301
0 0.9565 0.5974 0.0838 0.1180
0 0.6282 0.3364 0.1468 0.1649
0 0.7039 0.2545 0.0558 0.0506
0 0.7498 0.4284 0.1585 0.1277
0 0.8135 0.3555 0.0765 0.1452
0 0.8831 0.3664 0.1000 0.1390
0 0.6518 0.4039 0.0550 0.0398
0 0.6956 0.4430 0.0387 0.0377
0 0.7159 0.4914 0.1177 0.0994
0 0.9725 0.5397 0.0551 0.0626
0 0.9382 0.4212 0.0910 0.0925
