2 0.6817 0.8804 0.0586 0.0292
4 0.0517 0.8562 0.1033 0.0446
0 0.5178 0.4555 0.0973 0.1289
4 0.5917 0.6141 0.1130 0.0501
4 0.6401 0.5242 0.0746 0.0421
4 0.6151 0.5038 0.0825 0.0264
6 0.6660 0.7461 0.1719 0.1293
6 0.5978 0.7885 0.0998 0.0431
6 0.8450 0.7986 0.1181 0.0361
6 0.8057 0.8371 0.0716 0.0268
2 0.4283 0.6319 0.0291 0.0154
2 0.5678 0.6673 0.0423 0.0068
6 0.6337 0.4653 0.0943 0.0663
6 0.4700 0.2547 0.0857 0.0130
4 0.7227 0.2689 0.1537 0.0240
6 0.9049 0.2691 0.0904 0.0173
2 0.5361 0.9143 0.0517 0.0280
1 0.4372 0.3449 0.7908 0.1088
