2 0.2438 0.7586 0.0234 0.0429
2 0.5059 0.9356 0.0243 0.0533
2 0.6764 0.8604 0.0265 0.0707
2 0.6971 0.9373 0.0401 0.0388
2 0.7224 0.9390 0.0338 0.0603
2 0.7911 0.6374 0.0348 0.0415
2 0.5070 0.7184 0.0247 0.0596
2 0.8791 0.4119 0.0123 0.0423
2 0.5271 0.4717 0.0197 0.0474
2 0.4950 0.8933 0.0158 0.0810
0 0.5889 0.4800 0.0356 0.0565
6 0.4268 0.3588 0.0242 0.0554
4 0.2300 0.3629 0.1053 0.1443
2 0.2311 0.6547 0.0253 0.0651
2 0.2892 0.6685 0.0301 0.0513
2 0.2539 0.8130 0.0209 0.0644
2 0.2533 0.7676 0.0284 0.0485
2 0.2921 0.9700 0.0246 0.0599
