6 0.3806 0.7056 0.0888 0.0545
6 0.8594 0.7216 0.0586 0.0510
6 0.6687 0.9571 0.2078 0.0858
6 0.1640 0.8504 0.0909 0.0543
6 0.5385 0.0513 0.1001 0.0490
6 0.9747 0.3377 0.0505 0.0279
6 0.8813 0.2484 0.1303 0.1086
6 0.9041 0.4337 0.0637 0.0469
6 0.6502 0.4590 0.0410 0.0182
6 0.7358 0.4420 0.0330 0.0182
6 0.5024 0.5024 0.0340 0.0177
6 0.8061 0.3950 0.0633 0.0595
6 0.6002 0.5126 0.0595 0.0368
6 0.8212 0.3263 0.0954 0.0453
6 0.6469 0.2881 0.0586 0.0524
6 0.5506 0.4326 0.1001 0.0567
6 0.4259 0.4113 0.1303 0.0666
