2 0.7437 0.0375 0.0995 0.0336
2 0.8582 0.1386 0.0530 0.0275
2 0.4303 0.1288 0.0095 0.0165
2 0.6241 0.1743 0.0289 0.0080
2 0.6025 0.1252 0.0129 0.0128
2 0.6118 0.0617 0.0968 0.0293
2 0.9099 0.4741 0.0323 0.0490
2 0.0402 0.6996 0.0370 0.0136
2 0.0497 0.5207 0.0291 0.0124
2 0.1422 0.6092 0.0331 0.0691
2 0.1343 0.5145 0.0755 0.0366
2 0.3586 0.4773 0.0787 0.0555
6 0.9377 0.5760 0.0833 0.0689
6 0.8900 0.3234 0.1043 0.0459
0 0.3968 0.5438 0.1802 0.1051
6 0.6539 0.0100 0.0452 0.0200
6 0.5745 0.0261 0.0256 0.0123
