0 0.5077 0.1965 0.0805 0.0373
2 0.6428 0.0471 0.0723 0.0324
2 0.1829 0.1168 0.0098 0.0076
2 0.8422 0.1727 0.0147 0.0049
2 0.9598 0.2030 0.0160 0.0055
2 0.9365 0.1991 0.0118 0.0106
2 0.6278 0.9437 0.0191 0.0313
2 0.4490 0.8948 0.0222 0.0167
2 0.4672 0.5371 0.0159 0.0150
2 0.4552 0.5540 0.0318 0.0072
2 0.6146 0.3076 0.0191 0.0092
2 0.6344 0.3095 0.0186 0.0082
2 0.5625 0.3024 0.0195 0.0034
6 0.9492 0.3719 0.0761 0.0306
6 0.8333 0.6734 0.0299 0.0165
6 0.5442 0.3245 0.0609 0.0201
6 0.5294 0.2396 0.0177 0.0106
4 0.7536 0.2924 0.0609 0.0378
6 0.5119 0.0457 0.0382 0.0106
6 0.4424 0.0590 0.0527 0.0242
3 0.4047 0.0699 0.0550 0.0314
3 0.5375 0.3509 0.1138 0.0339
3 0.5467 0.4276 0.0904 0.1011
3 0.2526 0.4740 0.1066 0.0829
3 0.6766 0.5785 0.1629 0.0663
3 0.3075 0.7309 0.0727 0.1865
