2 0.1303 0.5855 0.0285 0.0092
2 0.2815 0.6104 0.0212 0.0089
2 0.0930 0.4918 0.0283 0.0084
2 0.2630 0.4432 0.0232 0.0103
2 0.0665 0.3193 0.0227 0.0060
2 0.0930 0.3175 0.0177 0.0045
2 0.3411 0.5138 0.0190 0.0125
2 0.4070 0.4823 0.0151 0.0105
2 0.4958 0.4035 0.0130 0.0139
2 0.7025 0.3449 0.0047 0.0113
2 0.8558 0.4299 0.0186 0.0104
2 0.8727 0.4129 0.0151 0.0049
6 0.7971 0.3600 0.0549 0.0180
6 0.8415 0.3237 0.0537 0.0227
6 0.6766 0.9722 0.0754 0.0556
2 0.4109 0.8846 0.0142 0.0336
2 0.6326 0.9149 0.0104 0.0254
2 0.5193 0.7179 0.0241 0.0253
2 0.4905 0.7266 0.0118 0.0222
2 0.7476 0.5885 0.0224 0.0205
2 0.3707 0.5187 0.0241 0.0184
2 0.1134 0.4768 0.0211 0.0138
2 0.1643 0.4726 0.0258 0.0067
2 0.1458 0.4622 0.0300 0.0093
2 0.1160 0.5396 0.0124 0.0124
2 0.3786 0.9626 0.0126 0.0287
3 0.8566 0.9634 0.2148 0.0732
3 0.6017 0.9622 0.0798 0.0757
6 0.4629 0.9757 0.0885 0.0486
6 0.0957 0.4452 0.0272 0.0121
6 0.1740 0.4015 0.0623 0.0622
2 0.3869 0.7086 0.0992 0.0602
0 0.6114 0.5581 0.0679 0.0625
3 0.6838 0.4582 0.0679 0.0895
3 0.6522 0.3983 0.0501 0.0495
3 0.6285 0.4316 0.0601 0.0922
2 0.4230 0.8573 0.0197 0.0275
