3 0.4686 0.6547 0.1924 0.1254
3 0.3714 0.5493 0.1344 0.0611
6 0.4182 0.5746 0.0775 0.0520
0 0.1454 0.3226 0.1246 0.0344
2 0.0977 0.2545 0.0180 0.0059
6 0.6715 0.1886 0.0241 0.0109
6 0.7497 0.1912 0.0773 0.0330
2 0.3642 0.0273 0.0111 0.0049
2 0.1494 0.0839 0.0118 0.0079
2 0.6050 0.1319 0.0087 0.0080
2 0.0529 0.2850 0.0082 0.0138
2 0.7785 0.2331 0.0079 0.0074
2 0.7840 0.2433 0.0139 0.0045
2 0.7556 0.2376 0.0108 0.0107
2 0.6774 0.2211 0.0119 0.0105
2 0.6382 0.2059 0.0392 0.0081
2 0.6262 0.2259 0.0082 0.0071
2 0.5934 0.2311 0.0104 0.0104
2 0.5564 0.2556 0.0139 0.0074
2 0.8630 0.5059 0.0148 0.0205
2 0.6192 0.6258 0.0169 0.0225
2 0.3476 0.4614 0.0239 0.0085
2 0.4244 0.4497 0.0531 0.0142
0 0.8185 0.4283 0.0469 0.0516
3 0.9662 0.3834 0.0675 0.0553
2 0.5484 0.3847 0.0755 0.0418
2 0.5831 0.4368 0.0395 0.0168
3 0.9576 0.4191 0.0848 0.0180
3 0.1748 0.8881 0.2250 0.0782
3 0.7749 0.7970 0.2066 0.0457
