0 0.5344 0.2989 0.0904 0.0471
0 0.0447 0.3508 0.0894 0.2023
0 0.8552 0.3394 0.0932 0.0339
0 0.9763 0.4261 0.0475 0.0280
0 0.6529 0.4721 0.1325 0.0973
0 0.5802 0.4146 0.0619 0.0322
6 0.5176 0.2543 0.2070 0.0631
2 0.3594 0.3952 0.0433 0.0421
6 0.3977 0.4044 0.1471 0.1052
0 0.0821 0.5995 0.1643 0.1450
6 0.0387 0.7009 0.0773 0.0777
0 0.6184 0.8774 0.1274 0.1408
6 0.5896 0.7613 0.2946 0.0914
6 0.5096 0.8436 0.0283 0.0199
6 0.6764 0.3342 0.0377 0.0265
6 0.2769 0.3467 0.0702 0.0286
6 0.3990 0.2119 0.0506 0.0163
6 0.2529 0.2729 0.0215 0.0135
0 0.8633 0.5393 0.2053 0.1757
