4 0.5802 0.3627 0.1454 0.1087
4 0.3449 0.5235 0.0984 0.0485
6 0.4417 0.5667 0.0386 0.0286
0 0.9244 0.4516 0.0217 0.0133
0 0.8300 0.4706 0.0208 0.0113
4 0.5279 0.4244 0.0425 0.0492
4 0.4832 0.2524 0.1357 0.0702
6 0.3859 0.2755 0.0386 0.0299
6 0.4869 0.2143 0.0492 0.0286
0 0.4306 0.1613 0.0651 0.0402
0 0.1959 0.4447 0.1294 0.0645
6 0.2598 0.4706 0.1073 0.0445
0 0.1470 0.5102 0.0696 0.0479
6 0.0306 0.4013 0.0612 0.0608
6 0.0743 0.1814 0.0678 0.0372
0 0.0299 0.0256 0.0599 0.0511
6 0.1565 0.0248 0.0346 0.0206
6 0.3319 0.4865 0.0414 0.0277
6 0.3623 0.4121 0.0332 0.0175
6 0.4106 0.4113 0.0465 0.0352
6 0.3467 0.3697 0.0288 0.0152
6 0.2444 0.3541 0.0451 0.0233
6 0.0959 0.0431 0.0273 0.0189
6 0.1904 0.0164 0.0233 0.0139
4 0.2815 0.0621 0.1188 0.0386
4 0.2339 0.1689 0.1183 0.0874
0 0.1689 0.2756 0.1161 0.0549
2 0.6682 0.4382 0.1139 0.0562
4 0.6775 0.6149 0.1822 0.0612
4 0.0922 0.2690 0.1353 0.0682
