0 0.2820 0.5874 0.0775 0.0432
6 0.3012 0.2072 0.0974 0.0339
6 0.5769 0.2292 0.0720 0.0543
6 0.3759 0.2804 0.0808 0.0578
6 0.8018 0.5080 0.1442 0.0410
0 0.9131 0.4712 0.0634 0.0289
4 0.4809 0.3136 0.1135 0.0744
0 0.9922 0.3026 0.0155 0.0197
0 0.8052 0.2911 0.0605 0.0384
6 0.6370 0.5124 0.0765 0.0381
0 0.6951 0.4141 0.0450 0.0237
4 0.9744 0.5756 0.0512 0.0294
0 0.6200 0.6629 0.1011 0.0768
4 0.6619 0.7240 0.2532 0.1212
4 0.4332 0.6699 0.1175 0.0603
0 0.4563 0.6636 0.1491 0.0893
0 0.3632 0.6419 0.0536 0.0309
0 0.3890 0.5847 0.1300 0.0965
4 0.2374 0.5432 0.0781 0.0398
4 0.1332 0.5007 0.1492 0.0949
6 0.4453 0.0746 0.1189 0.1185
6 0.1599 0.0820 0.3198 0.1641
6 0.7646 0.6427 0.0362 0.0264
0 0.2876 0.4298 0.0597 0.0245
0 0.6509 0.3497 0.1183 0.0519
6 0.1775 0.5956 0.0376 0.0255
6 0.2796 0.7747 0.0422 0.0262
6 0.9405 0.5022 0.0670 0.0426
