2 0.5608 0.7634 0.0280 0.0052
0 0.6426 0.7094 0.0827 0.0623
6 0.5627 0.6613 0.0527 0.0597
6 0.4509 0.7137 0.0815 0.0387
6 0.7248 0.7220 0.0738 0.0715
0 0.8384 0.6678 0.0230 0.0166
6 0.8868 0.7530 0.0473 0.0276
2 0.3787 0.7363 0.0155 0.0050
2 0.3458 0.7589 0.0337 0.0122
6 0.9787 0.6836 0.0426 0.0473
2 0.4907 0.5481 0.0121 0.0141
2 0.4729 0.5719 0.0152 0.0039
2 0.3662 0.5786 0.0198 0.0063
2 0.2454 0.5663 0.0098 0.0086
2 0.1668 0.5820 0.0186 0.0063
2 0.1361 0.7634 0.0223 0.0041
2 0.0571 0.7630 0.0269 0.0052
2 0.0079 0.7527 0.0158 0.0070
2 0.7463 0.5342 0.0202 0.0109
2 0.7731 0.5501 0.0229 0.0144
2 0.7184 0.5704 0.0152 0.0117
0 0.9444 0.6034 0.0295 0.0444
