6 0.6029 0.5015 0.0275 0.0114
6 0.4440 0.0120 0.0167 0.0092
6 0.4320 0.0030 0.0212 0.0061
6 0.4700 0.3265 0.0366 0.0358
6 0.4893 0.5579 0.0190 0.0231
6 0.5169 0.9504 0.0092 0.0105
6 0.5110 0.4993 0.0158 0.0133
6 0.5618 0.4730 0.0154 0.0142
6 0.4878 0.3621 0.0098 0.0078
6 0.5049 0.2091 0.0154 0.0075
6 0.5510 0.4210 0.0127 0.0105
6 0.5584 0.3601 0.0108 0.0064
0 0.4633 0.1237 0.0679 0.0555
2 0.5991 0.9928 0.0221 0.0131
2 0.5121 0.6065 0.0378 0.0414
6 0.5168 0.7906 0.0153 0.0136
2 0.5814 0.9955 0.0121 0.0091
2 0.5014 0.7605 0.0224 0.0190
6 0.4449 0.2011 0.0133 0.0111
6 0.4538 0.2829 0.0131 0.0120
