6 0.3281 0.4219 0.0726 0.0413
0 0.6980 0.3144 0.0743 0.0420
0 0.7829 0.4124 0.0488 0.0232
6 0.9671 0.3530 0.0659 0.0332
6 0.8300 0.3460 0.0399 0.0208
6 0.9837 0.5074 0.0327 0.1267
6 0.4424 0.2883 0.0270 0.0132
6 0.8236 0.6924 0.1029 0.0572
6 0.9656 0.6997 0.0689 0.0642
6 0.8837 0.7215 0.0520 0.0390
0 0.9539 0.7909 0.0923 0.1106
0 0.4168 0.5709 0.1125 0.1244
6 0.4252 0.6555 0.0941 0.0784
6 0.8512 0.7689 0.0238 0.0142
6 0.6707 0.2661 0.1885 0.0757
2 0.1617 0.3461 0.3233 0.1732
6 0.6242 0.4023 0.1601 0.0943
0 0.8624 0.4635 0.1279 0.0881
6 0.1311 0.4587 0.2620 0.0949
0 0.3121 0.5338 0.0737 0.0603
