6 0.0351 0.6273 0.0701 0.0581
0 0.1072 0.6491 0.1344 0.0736
0 0.2363 0.6869 0.0856 0.0749
6 0.5185 0.8307 0.0787 0.0760
0 0.0615 0.5647 0.1146 0.0660
6 0.0373 0.3671 0.0724 0.0663
6 0.3889 0.2736 0.0319 0.0194
6 0.6445 0.1074 0.0689 0.0677
6 0.5428 0.4706 0.0345 0.0504
6 0.0685 0.3951 0.0362 0.0276
6 0.1070 0.3237 0.0662 0.0562
6 0.3241 0.6782 0.0373 0.0255
6 0.4004 0.6929 0.0301 0.0183
3 0.5798 0.8286 0.0575 0.1210
6 0.6471 0.7981 0.0477 0.0340
6 0.6554 0.8556 0.0563 0.0517
0 0.7499 0.9217 0.1269 0.1210
6 0.9574 0.9648 0.0853 0.0704
6 0.9846 0.8893 0.0309 0.0568
2 0.4549 0.6171 0.0486 0.0437
6 0.7857 0.7270 0.0694 0.0368
6 0.4278 0.4390 0.0425 0.0253
6 0.3542 0.5805 0.0311 0.0278
