2 0.4204 0.0507 0.0421 0.0212
2 0.6924 0.6624 0.2802 0.1544
4 0.8014 0.5702 0.0435 0.0240
2 0.1019 0.4005 0.1082 0.0450
6 0.0127 0.6054 0.0193 0.0155
2 0.3874 0.9890 0.0319 0.0220
6 0.3007 0.4333 0.0293 0.0222
0 0.6209 0.3015 0.1224 0.0723
2 0.6277 0.3325 0.0840 0.0337
4 0.6723 0.2940 0.0488 0.0172
5 0.7392 0.2144 0.0249 0.0218
4 0.5574 0.2043 0.0357 0.0128
2 0.7630 0.1216 0.0333 0.0221
6 0.6539 0.0659 0.0192 0.0074
6 0.4671 0.2068 0.0195 0.0065
6 0.4781 0.1762 0.0110 0.0039
6 0.3458 0.1732 0.0165 0.0051
2 0.2817 0.1307 0.0317 0.0187
6 0.3164 0.0781 0.0130 0.0070
2 0.2057 0.0277 0.0240 0.0058
