2 0.3406 0.1933 0.0408 0.0241
2 0.4611 0.5432 0.0219 0.0075
2 0.4960 0.5429 0.0200 0.0120
6 0.3286 0.3773 0.0178 0.0142
6 0.4297 0.4522 0.0189 0.0134
2 0.5797 0.7638 0.0141 0.0211
6 0.8044 0.9880 0.0322 0.0240
0 0.6562 0.8606 0.1934 0.1465
6 0.4405 0.7450 0.0355 0.0272
2 0.2708 0.2135 0.0333 0.0224
6 0.5570 0.4580 0.0211 0.0161
6 0.5375 0.4219 0.0638 0.0500
2 0.5152 0.5876 0.0167 0.0116
6 0.3794 0.2966 0.0158 0.0114
0 0.2786 0.1386 0.0419 0.0392
2 0.2651 0.0806 0.2010 0.1171
6 0.4856 0.6420 0.0308 0.0327
2 0.5714 0.6622 0.0269 0.0115
0 0.4213 0.3432 0.1041 0.0445
6 0.4759 0.4793 0.0244 0.0192
