2 0.0575 0.4276 0.0190 0.0142
2 0.3249 0.4412 0.0244 0.0144
0 0.0313 0.3273 0.0589 0.0338
2 0.0182 0.5814 0.0095 0.0159
6 0.7960 0.2266 0.0289 0.0086
2 0.8750 0.2608 0.0183 0.0094
2 0.2326 0.4549 0.0161 0.0106
2 0.3716 0.4502 0.0157 0.0108
2 0.0779 0.2759 0.0150 0.0094
6 0.9877 0.0599 0.0107 0.0079
6 0.1449 0.4185 0.0247 0.0123
2 0.8256 0.1052 0.0143 0.0082
6 0.9556 0.0700 0.0447 0.0164
2 0.1709 0.3385 0.0176 0.0091
2 0.2459 0.2292 0.0471 0.0197
2 0.3536 0.1917 0.0215 0.0207
0 0.6817 0.2244 0.0587 0.0216
