6 0.8259 0.5069 0.1489 0.0967
6 0.8852 0.7144 0.0276 0.0344
6 0.8298 0.7946 0.0366 0.0297
6 0.8102 0.6820 0.0349 0.0288
6 0.8365 0.7459 0.0273 0.0273
6 0.3545 0.7733 0.1143 0.0861
4 0.5531 0.6596 0.1350 0.0930
4 0.7174 0.7270 0.1877 0.1779
6 0.4360 0.6962 0.1625 0.1413
6 0.5374 0.7100 0.0586 0.0577
2 0.9497 0.7385 0.1007 0.0749
3 0.8343 0.8402 0.0635 0.0678
6 0.9449 0.8260 0.1102 0.1054
0 0.6153 0.7496 0.1062 0.1167
6 0.8526 0.6732 0.0550 0.0485
6 0.7416 0.5025 0.0248 0.1123
6 0.1109 0.5788 0.0855 0.0577
6 0.0775 0.6965 0.1510 0.0457
0 0.2087 0.6967 0.0896 0.0620
0 0.3141 0.6487 0.1085 0.1158
6 0.1866 0.7298 0.1533 0.0999
2 0.1299 0.6403 0.1074 0.0689
6 0.2137 0.6304 0.1062 0.0973
1 0.6639 0.5185 0.6723 0.2343
6 0.8027 0.8112 0.0402 0.0639
6 0.8159 0.7708 0.0503 0.0420
6 0.8695 0.8177 0.0436 0.0754
