6 0.6549 0.7726 0.0416 0.0425
6 0.8060 0.6578 0.0165 0.0255
0 0.1254 0.5711 0.0949 0.0536
0 0.1795 0.6928 0.0949 0.0588
2 0.1474 0.7244 0.1591 0.0923
2 0.3297 0.6645 0.0494 0.0754
6 0.0334 0.7233 0.0664 0.0841
6 0.0371 0.5800 0.0726 0.0536
6 0.0671 0.5934 0.0236 0.0426
0 0.2045 0.6410 0.1697 0.0789
2 0.1083 0.6337 0.0543 0.0870
6 0.5860 0.6766 0.0335 0.0513
6 0.4155 0.5880 0.0213 0.0379
6 0.3973 0.5563 0.0368 0.0341
6 0.5423 0.6278 0.0441 0.0894
3 0.5747 0.5988 0.0281 0.0346
3 0.4727 0.7035 0.0191 0.0462
6 0.5596 0.7573 0.1415 0.0721
6 0.3631 0.6333 0.0334 0.0294
6 0.3179 0.6177 0.0524 0.0479
6 0.2894 0.5213 0.0272 0.0203
6 0.2876 0.5984 0.0314 0.0588
6 0.8829 0.4126 0.0592 0.0664
6 0.8302 0.6569 0.0146 0.0224
6 0.8794 0.7468 0.0168 0.0276
6 0.7775 0.7777 0.0494 0.0477
