6 0.8888 0.3245 0.2216 0.0688
6 0.6212 0.5329 0.0554 0.0589
6 0.9721 0.2643 0.0559 0.0602
4 0.6838 0.2617 0.3407 0.2158
0 0.7270 0.0143 0.0919 0.0284
6 0.4129 0.1184 0.1057 0.0629
0 0.3557 0.1880 0.1654 0.0868
6 0.0228 0.2284 0.0456 0.0517
0 0.0542 0.1234 0.0958 0.0920
0 0.3657 0.4017 0.1068 0.0656
6 0.2196 0.3100 0.0930 0.0672
6 0.0601 0.3974 0.0552 0.0362
0 0.3149 0.5132 0.2312 0.1414
0 0.0268 0.9131 0.0536 0.0558
0 0.5160 0.9772 0.0754 0.0456
6 0.9689 0.7499 0.0622 0.0594
0 0.6553 0.7990 0.0937 0.1101
