2 0.3955 0.5751 0.2061 0.1410
2 0.7016 0.6116 0.2107 0.2929
2 0.5780 0.4994 0.0867 0.1839
2 0.6473 0.9284 0.1571 0.1416
2 0.6128 0.6623 0.0774 0.1682
2 0.2783 0.5261 0.2511 0.5401
1 0.7052 0.3493 0.1250 0.1823
0 0.6917 0.8357 0.0714 0.1156
2 0.8372 0.5850 0.0934 0.1736
2 0.1601 0.7209 0.1111 0.3088
0 0.4617 0.2139 0.1727 0.1322
4 0.1582 0.3056 0.1085 0.0814
6 0.8319 0.4650 0.0867 0.2380
1 0.2831 0.7707 0.2467 0.0904
0 0.4525 0.3133 0.4287 0.1854
2 0.4603 0.7934 0.1360 0.2214
0 0.3158 0.8305 0.1756 0.0595
0 0.2915 0.8882 0.1786 0.1108
2 0.8486 0.8473 0.1645 0.2698
1 0.4061 0.3298 0.2636 0.1974
1 0.6348 0.4014 0.1349 0.1198
0 0.6523 0.7707 0.0928 0.0445
6 0.6237 0.8398 0.0977 0.1268
