1 0.7336 0.7579 0.0324 0.0307
2 0.1357 0.8926 0.0292 0.0194
2 0.6232 0.8759 0.0348 0.0213
2 0.5620 0.8646 0.0181 0.0176
1 0.9433 0.5500 0.0902 0.0693
6 0.8121 0.3303 0.0635 0.0412
1 0.9029 0.6918 0.1942 0.0958
6 0.9291 0.3109 0.0326 0.0402
6 0.7890 0.4051 0.0611 0.0278
0 0.7051 0.7646 0.0220 0.0197
3 0.4360 0.8622 0.1514 0.0406
1 0.3891 0.5582 0.1974 0.1396
6 0.8280 0.5355 0.0388 0.0412
1 0.6108 0.4530 0.2504 0.2083
1 0.4140 0.4069 0.0567 0.0704
6 0.9588 0.4270 0.0668 0.0393
1 0.9140 0.3883 0.1720 0.0660
1 0.9694 0.3109 0.0612 0.0521
