2 0.4576 0.1406 0.3404 0.1457
6 0.9610 0.4979 0.0781 0.0856
0 0.5789 0.2595 0.1626 0.1085
0 0.9350 0.3890 0.1299 0.1296
0 0.6390 0.4321 0.2936 0.1501
6 0.0451 0.1997 0.0902 0.1018
6 0.1174 0.0331 0.1384 0.0663
6 0.1774 0.1525 0.1640 0.1117
0 0.3532 0.0536 0.1626 0.0772
0 0.7736 0.1724 0.2833 0.0866
2 0.7578 0.0601 0.1077 0.0797
6 0.6490 0.1009 0.0840 0.0870
6 0.6124 0.5218 0.1495 0.0418
6 0.5340 0.7586 0.0760 0.0418
6 0.0828 0.6325 0.0393 0.0348
6 0.5150 0.8428 0.0669 0.0797
0 0.6417 0.6587 0.0363 0.1861
6 0.1633 0.4010 0.1692 0.1045
6 0.5379 0.5860 0.1031 0.0323
0 0.5709 0.1738 0.1064 0.0770
