6 0.1808 0.2037 0.1195 0.0921
6 0.3054 0.0999 0.0313 0.0294
6 0.1823 0.3843 0.0450 0.0249
6 0.0653 0.6171 0.1276 0.1726
6 0.0214 0.5254 0.0428 0.0375
1 0.4307 0.6943 0.1114 0.0365
6 0.4582 0.9662 0.1771 0.0671
0 0.7272 0.6456 0.0706 0.0559
4 0.3962 0.7056 0.3484 0.3948
1 0.4114 0.6440 0.1219 0.0510
1 0.3645 0.7472 0.0644 0.0802
1 0.5181 0.7110 0.0146 0.0454
1 0.3129 0.7469 0.0548 0.0329
1 0.4340 0.7641 0.0263 0.0148
6 0.4136 0.7582 0.0322 0.0211
6 0.3635 0.7055 0.0439 0.0582
6 0.5738 0.7586 0.0552 0.1331
6 0.1588 0.2139 0.0766 0.0371
