6 0.4781 0.8587 0.1435 0.0959
6 0.0930 0.9789 0.0137 0.0266
4 0.5954 0.4728 0.0633 0.0596
6 0.5149 0.4023 0.1359 0.1370
0 0.2910 0.1789 0.0324 0.0319
0 0.2275 0.9018 0.0646 0.0785
0 0.5199 0.7315 0.0748 0.1488
6 0.3639 0.9396 0.0562 0.0638
6 0.0775 0.3856 0.0753 0.0684
6 0.2675 0.4926 0.0502 0.0689
6 0.1577 0.3800 0.0838 0.0757
0 0.4261 0.4033 0.0526 0.0836
6 0.2687 0.6109 0.0486 0.0562
6 0.2511 0.7105 0.0317 0.0504
6 0.5792 0.6216 0.0414 0.0824
2 0.7151 0.7089 0.0077 0.0211
6 0.6990 0.6555 0.0579 0.0802
6 0.1848 0.6206 0.0335 0.0382
6 0.2413 0.1959 0.0563 0.0432
6 0.1989 0.9542 0.1229 0.0905
