3 0.7751 0.2438 0.0933 0.0748
6 0.5806 0.3000 0.0423 0.0492
3 0.7143 0.5029 0.0520 0.0674
3 0.0898 0.0890 0.0758 0.0468
3 0.2805 0.2248 0.0390 0.0663
3 0.2717 0.5635 0.0402 0.0550
3 0.5884 0.4622 0.0391 0.0740
3 0.4646 0.6239 0.0104 0.0206
3 0.5000 0.6433 0.0343 0.0267
3 0.1896 0.7352 0.0730 0.0642
6 0.4334 0.7718 0.0826 0.1790
6 0.1880 0.3695 0.0592 0.0736
6 0.0773 0.3919 0.0268 0.0667
6 0.8559 0.3304 0.0433 0.0641
6 0.2709 0.3788 0.0414 0.0974
6 0.5732 0.3864 0.0481 0.0540
6 0.4528 0.2941 0.0465 0.0306
2 0.3708 0.0797 0.0561 0.0605
6 0.2878 0.7992 0.0641 0.0395
6 0.2557 0.7914 0.4759 0.4172
