6 0.0962 0.8933 0.0390 0.0532
6 0.3641 0.2404 0.0348 0.0700
6 0.6705 0.1044 0.1216 0.0976
6 0.6337 0.3815 0.0342 0.0306
0 0.2622 0.3522 0.1167 0.1562
6 0.1455 0.3166 0.0387 0.0376
2 0.6582 0.5666 0.1471 0.2112
6 0.3603 0.8419 0.1793 0.1385
6 0.2074 0.8722 0.1689 0.0915
6 0.1519 0.8282 0.0481 0.0685
6 0.3048 0.7191 0.0666 0.0611
6 0.2012 0.7529 0.1068 0.2194
6 0.5237 0.7353 0.0460 0.0518
6 0.2586 0.5537 0.1058 0.0658
6 0.2064 0.6120 0.1335 0.1415
6 0.6763 0.3244 0.0473 0.0655
6 0.9471 0.3009 0.0190 0.0536
0 0.5156 0.3458 0.1149 0.1089
0 0.3364 0.6319 0.1018 0.1253
0 0.7366 0.8749 0.1238 0.1305
0 0.6425 0.8920 0.1511 0.0957
0 0.3673 0.5962 0.1087 0.1466
0 0.1373 0.5537 0.0510 0.0578
0 0.1300 0.5887 0.0221 0.0388
6 0.0292 0.6030 0.0584 0.0724
6 0.4705 0.8341 0.0680 0.0605
