6 0.6111 0.9616 0.0475 0.0384
0 0.0221 0.3381 0.0443 0.0335
0 0.6349 0.2363 0.0792 0.0221
0 0.7116 0.3274 0.0773 0.0299
2 0.2972 0.1523 0.0302 0.0176
2 0.5011 0.1322 0.0332 0.0200
2 0.5214 0.1255 0.0324 0.0176
2 0.5927 0.1662 0.0315 0.0176
2 0.5916 0.2013 0.0315 0.0271
2 0.6691 0.1844 0.0308 0.0247
2 0.6081 0.2628 0.0254 0.0217
2 0.6552 0.2707 0.0287 0.0140
2 0.7927 0.2668 0.0322 0.0316
2 0.7869 0.2927 0.0358 0.0275
2 0.8017 0.3212 0.0365 0.0283
2 0.7265 0.3665 0.0432 0.0255
2 0.7377 0.3941 0.0444 0.0326
2 0.5021 0.4211 0.0495 0.0233
2 0.5352 0.3384 0.0186 0.0031
2 0.2294 0.4739 0.0141 0.0048
2 0.2282 0.3325 0.0134 0.0065
2 0.4685 0.6221 0.0525 0.0225
2 0.2235 0.5790 0.0428 0.0186
2 0.6558 0.3196 0.0290 0.0195
2 0.6775 0.3110 0.0336 0.0222
2 0.7266 0.2495 0.0273 0.0263
2 0.7188 0.2410 0.0283 0.0211
2 0.6647 0.2867 0.0393 0.0181
0 0.7267 0.2744 0.0998 0.0355
6 0.7274 0.3047 0.0417 0.0230
6 0.7560 0.2962 0.0364 0.0230
6 0.7990 0.3441 0.0238 0.0104
0 0.1923 0.9268 0.0776 0.0767
2 0.0415 0.9668 0.0474 0.0403
2 0.1734 0.9956 0.0178 0.0088
2 0.5286 0.7534 0.0220 0.0092
2 0.4141 0.6907 0.0165 0.0135
2 0.0864 0.7254 0.0100 0.0096
2 0.9041 0.9606 0.0223 0.0101
2 0.7166 0.4605 0.0164 0.0075
2 0.7092 0.4598 0.0153 0.0120
2 0.6993 0.4616 0.0095 0.0093
2 0.3949 0.1169 0.0176 0.0068
6 0.2358 0.9773 0.0271 0.0206
6 0.1395 0.3680 0.0964 0.0545
6 0.6777 0.5675 0.0213 0.0102
6 0.6760 0.9952 0.0254 0.0096
6 0.5342 0.9434 0.0271 0.0251
