0 0.1463 0.1868 0.0605 0.0134
6 0.1562 0.9723 0.0073 0.0100
3 0.0121 0.9940 0.0077 0.0120
3 0.0936 0.9874 0.0092 0.0146
6 0.6538 0.7215 0.0264 0.0246
6 0.8383 0.5677 0.0247 0.0484
3 0.0799 0.4651 0.0221 0.0159
3 0.9469 0.0999 0.0905 0.0655
3 0.2099 0.3626 0.0116 0.0139
3 0.1883 0.3353 0.0149 0.0143
3 0.1727 0.7538 0.1932 0.4408
0 0.2032 0.8844 0.0228 0.0315
0 0.4512 0.1428 0.0357 0.0315
0 0.6108 0.2003 0.2007 0.2141
3 0.7607 0.4416 0.0603 0.0748
0 0.6485 0.5583 0.0799 0.0984
3 0.0126 0.3143 0.0057 0.0105
0 0.9722 0.0674 0.0556 0.0668
3 0.0454 0.3143 0.0068 0.0057
3 0.5393 0.5257 0.1060 0.0623
3 0.0488 0.2737 0.0093 0.0096
3 0.0911 0.2790 0.0096 0.0105
3 0.4998 0.4924 0.0751 0.1210
6 0.8569 0.2757 0.0229 0.0611
3 0.0557 0.4016 0.0060 0.0068
6 0.4770 0.4114 0.0571 0.0768
