4 0.3016 0.4021 0.0371 0.0827
0 0.4584 0.8347 0.1040 0.1669
0 0.4667 0.7133 0.0959 0.1072
4 0.4882 0.8756 0.1128 0.2487
2 0.5139 0.5240 0.0153 0.0327
4 0.5101 0.1454 0.0897 0.2322
4 0.4517 0.1890 0.0775 0.1654
0 0.3908 0.2129 0.0552 0.1516
6 0.5594 0.1602 0.0164 0.0294
0 0.6787 0.8727 0.0781 0.0708
6 0.7650 0.3209 0.0217 0.0350
0 0.4702 0.0671 0.0182 0.0589
4 0.5122 0.2961 0.0847 0.0814
0 0.5237 0.3502 0.0692 0.0969
6 0.5191 0.6212 0.0863 0.1507
2 0.7327 0.4301 0.0181 0.0320
2 0.7207 0.2262 0.0106 0.0344
