0 0.7928 0.3927 0.0435 0.0499
6 0.7130 0.1130 0.0400 0.0277
0 0.2513 0.2135 0.0721 0.0186
0 0.5090 0.2702 0.0359 0.0616
5 0.6717 0.4176 0.1091 0.0693
5 0.6059 0.3474 0.0617 0.0337
5 0.7040 0.3318 0.0579 0.0348
5 0.2725 0.8031 0.0921 0.0667
1 0.5240 0.8263 0.0335 0.0302
1 0.6093 0.8136 0.0415 0.0144
6 0.2609 0.7211 0.1192 0.1268
2 0.4950 0.5225 0.1173 0.0897
0 0.4297 0.4819 0.0215 0.0138
0 0.6445 0.6029 0.0251 0.0189
0 0.8939 0.3173 0.0272 0.0372
2 0.6087 0.5496 0.1529 0.0999
0 0.4455 0.5909 0.1552 0.1049
0 0.0734 0.7723 0.1110 0.0975
2 0.2842 0.5130 0.1269 0.0887
2 0.8106 0.5189 0.1166 0.0789
