6 0.1000 0.6907 0.1448 0.1486
2 0.3369 0.8965 0.2122 0.1881
2 0.5953 0.8914 0.1985 0.1819
6 0.3007 0.7337 0.1211 0.1283
6 0.0481 0.4942 0.0930 0.0667
6 0.2408 0.9749 0.0637 0.0452
6 0.8995 0.8265 0.1073 0.0977
6 0.7860 0.7013 0.1821 0.1008
0 0.9644 0.0962 0.0711 0.0198
6 0.7265 0.3000 0.1356 0.0835
6 0.6523 0.4187 0.0708 0.0797
0 0.8971 0.3502 0.1117 0.0622
0 0.2379 0.3596 0.1680 0.0495
0 0.5175 0.1859 0.0814 0.0569
0 0.6339 0.3878 0.1613 0.0711
0 0.7068 0.4901 0.1924 0.0240
2 0.7977 0.4163 0.1430 0.1436
1 0.9156 0.5231 0.1688 0.3269
0 0.6496 0.6803 0.3101 0.2461
