0 0.7729 0.3350 0.0838 0.1823
6 0.4296 0.0353 0.0821 0.0707
0 0.4197 0.1359 0.0789 0.0986
6 0.7437 0.0880 0.0325 0.0380
2 0.2099 0.8433 0.0716 0.1714
0 0.7605 0.0544 0.0336 0.0474
0 0.7875 0.1046 0.0498 0.0635
0 0.2774 0.1035 0.0514 0.1964
0 0.7554 0.5337 0.0155 0.0488
0 0.7292 0.4367 0.0404 0.0292
0 0.8671 0.5068 0.0275 0.0699
0 0.8432 0.6169 0.0624 0.0951
0 0.8094 0.5121 0.0413 0.0726
6 0.6662 0.3962 0.0320 0.0697
0 0.6767 0.4558 0.0481 0.0300
0 0.5049 0.3157 0.0650 0.0933
0 0.0893 0.7544 0.1786 0.3273
6 0.9769 0.1023 0.0306 0.0309
2 0.9006 0.2822 0.1985 0.2693
0 0.9252 0.1060 0.0396 0.0613
2 0.9558 0.8591 0.0864 0.2782
2 0.7016 0.5809 0.0557 0.1152
6 0.5886 0.0896 0.2068 0.1792
