6 0.8002 0.4485 0.0437 0.0411
2 0.9172 0.4106 0.1653 0.1101
2 0.4870 0.4126 0.0839 0.0386
4 0.4353 0.4319 0.0504 0.0661
6 0.6176 0.5965 0.1306 0.0426
6 0.6094 0.7834 0.1194 0.0526
2 0.1190 0.3783 0.0826 0.0611
0 0.8893 0.5718 0.2214 0.1832
0 0.9310 0.8006 0.1380 0.1655
0 0.6776 0.5306 0.1030 0.0303
0 0.5717 0.5248 0.2872 0.1238
0 0.8151 0.6986 0.2336 0.0948
6 0.7785 0.8451 0.0807 0.0374
0 0.5179 0.2975 0.0657 0.0410
0 0.1183 0.5125 0.0991 0.0421
0 0.2932 0.5910 0.4428 0.1526
2 0.3343 0.9125 0.0244 0.0210
0 0.0235 0.8351 0.0471 0.0820
2 0.8070 0.9699 0.0223 0.0232
6 0.9138 0.9664 0.1230 0.0663
2 0.3456 0.8754 0.0327 0.0154
2 0.1903 0.8308 0.0320 0.0151
2 0.2440 0.8830 0.0309 0.0105
