0 0.0199 0.5392 0.0398 0.2395
0 0.0543 0.4839 0.1087 0.1476
4 0.3739 0.6583 0.2102 0.3113
2 0.2557 0.7928 0.1316 0.1442
4 0.1189 0.7958 0.2263 0.1073
0 0.7750 0.8233 0.2094 0.1543
0 0.8609 0.9146 0.0555 0.0765
0 0.5020 0.2693 0.0986 0.1374
2 0.3640 0.1459 0.1504 0.1231
5 0.5240 0.0942 0.2039 0.1659
5 0.4003 0.0467 0.1574 0.0933
5 0.7787 0.1507 0.1195 0.0937
5 0.6569 0.0572 0.1680 0.1142
5 0.8140 0.0350 0.1515 0.0699
0 0.6179 0.2703 0.1338 0.0863
0 0.6409 0.3183 0.0552 0.0481
0 0.6464 0.3816 0.1032 0.1124
0 0.6658 0.4249 0.2599 0.1528
0 0.8456 0.4798 0.0151 0.2068
5 0.6160 0.7501 0.1664 0.1590
0 0.8508 0.6428 0.0295 0.2314
0 0.2602 0.4017 0.2514 0.1603
0 0.0740 0.3836 0.1480 0.1322
0 0.4323 0.3191 0.1601 0.1921
