0 0.7397 0.4198 0.0805 0.1156
0 0.3722 0.4343 0.1269 0.2997
0 0.2812 0.5255 0.0675 0.1007
0 0.2417 0.5848 0.0809 0.1210
0 0.2333 0.3685 0.0377 0.0647
0 0.0967 0.4572 0.1058 0.1362
0 0.1338 0.5683 0.0851 0.0874
0 0.2581 0.7132 0.0955 0.1582
0 0.1454 0.6856 0.1264 0.1427
2 0.1934 0.8237 0.1135 0.1622
0 0.5431 0.3985 0.2335 0.3084
0 0.6547 0.6382 0.2048 0.2312
2 0.3019 0.1672 0.0879 0.1899
2 0.4394 0.1635 0.1053 0.1593
2 0.3849 0.2213 0.0830 0.1313
2 0.5629 0.1036 0.0947 0.1651
2 0.5932 0.2217 0.1740 0.1585
0 0.3169 0.6344 0.1243 0.1624
0 0.0905 0.7805 0.0863 0.1547
0 0.7034 0.3319 0.1938 0.1643
