4 0.6040 0.2488 0.1779 0.0941
6 0.2019 0.9290 0.0365 0.0431
3 0.3658 0.1434 0.0400 0.1463
0 0.3927 0.4471 0.0386 0.0330
0 0.6257 0.3885 0.0466 0.0822
0 0.8333 0.4360 0.0216 0.0685
0 0.8186 0.4605 0.0159 0.0655
0 0.8170 0.5580 0.0304 0.0332
0 0.2023 0.5525 0.0856 0.0930
6 0.9752 0.8748 0.0497 0.0745
2 0.7073 0.9903 0.0299 0.0193
6 0.3165 0.9772 0.0223 0.0396
4 0.7956 0.1774 0.0251 0.0233
1 0.3734 0.7221 0.0967 0.0719
4 0.5992 0.3743 0.2549 0.1557
4 0.4243 0.3728 0.0819 0.1067
4 0.3201 0.5235 0.1310 0.1053
4 0.6385 0.7973 0.1116 0.1638
6 0.8999 0.1794 0.0801 0.0233
2 0.3272 0.5345 0.0292 0.0106
2 0.5128 0.7321 0.0089 0.0327
