6 0.1299 0.7580 0.0395 0.0551
6 0.9223 0.0859 0.0321 0.0256
2 0.9969 0.1074 0.0062 0.0079
2 0.9912 0.0577 0.0168 0.0065
6 0.8446 0.1277 0.0161 0.0225
6 0.8982 0.1373 0.0262 0.0218
0 0.9035 0.2162 0.0086 0.0108
6 0.8185 0.2136 0.0665 0.0409
6 0.2089 0.6390 0.0122 0.0141
6 0.3498 0.6233 0.1825 0.0904
2 0.1074 0.7165 0.0148 0.0332
2 0.1853 0.6794 0.0245 0.0111
2 0.2828 0.5416 0.0185 0.0260
2 0.3390 0.4880 0.0114 0.0175
0 0.5203 0.4533 0.0165 0.0128
2 0.6416 0.3174 0.0082 0.0133
0 0.6212 0.3523 0.0738 0.0804
