0 0.3043 0.1137 0.0563 0.0651
6 0.3529 0.9723 0.0275 0.0405
2 0.3970 0.9090 0.0246 0.0422
2 0.2789 0.3712 0.1151 0.0806
6 0.3287 0.4683 0.0651 0.0951
2 0.0499 0.5295 0.0550 0.0620
2 0.8261 0.7012 0.0973 0.0546
2 0.7665 0.1827 0.0211 0.0482
6 0.6345 0.3122 0.0180 0.0273
0 0.8806 0.2857 0.0746 0.0775
0 0.7011 0.2004 0.0708 0.0588
0 0.5528 0.4157 0.0593 0.0931
3 0.2504 0.5738 0.1808 0.1518
0 0.3818 0.5355 0.1122 0.1317
0 0.4047 0.6296 0.1178 0.1146
0 0.6377 0.6170 0.0670 0.1116
0 0.3821 0.7989 0.0826 0.1332
