6 0.5991 0.8659 0.2669 0.2682
0 0.5982 0.7983 0.0716 0.0897
6 0.6580 0.5123 0.2192 0.3096
6 0.7584 0.2845 0.0994 0.0781
6 0.5146 0.2886 0.0871 0.0623
6 0.3098 0.2763 0.1149 0.0516
6 0.2468 0.3274 0.1504 0.0519
6 0.1751 0.4068 0.0615 0.0633
6 0.3943 0.9545 0.1027 0.0910
6 0.3209 0.8333 0.0356 0.1052
6 0.3667 0.7528 0.0970 0.0907
6 0.2907 0.7359 0.0597 0.0390
6 0.1331 0.9394 0.0272 0.0293
6 0.2862 0.5939 0.1051 0.0341
6 0.1840 0.2226 0.1959 0.1282
6 0.0496 0.2516 0.0991 0.0926
6 0.2286 0.1594 0.0502 0.0580
