6 0.0928 0.6602 0.0858 0.0923
0 0.6826 0.4004 0.0073 0.0095
0 0.6768 0.5217 0.0647 0.0643
0 0.6570 0.5508 0.0567 0.0504
6 0.3209 0.5049 0.0136 0.0151
6 0.2677 0.5280 0.0125 0.0107
5 0.4250 0.4115 0.0063 0.0122
6 0.4263 0.4471 0.0055 0.0076
6 0.3430 0.3975 0.0524 0.0513
0 0.2432 0.3086 0.0400 0.0677
6 0.2849 0.3033 0.0395 0.0634
6 0.2400 0.2424 0.0440 0.0359
6 0.1271 0.3622 0.2542 0.2068
6 0.5181 0.6121 0.0348 0.0364
6 0.6007 0.6698 0.0214 0.0255
6 0.4938 0.8132 0.0854 0.2052
6 0.2995 0.9232 0.0590 0.1536
2 0.1704 0.6901 0.0082 0.0234
6 0.1500 0.7292 0.1050 0.1862
2 0.6402 0.6241 0.0895 0.1149
6 0.6661 0.6632 0.0161 0.0140
6 0.6609 0.4583 0.1397 0.0346
6 0.7001 0.4933 0.1567 0.0743
6 0.8462 0.5314 0.0798 0.1164
6 0.7298 0.6876 0.0243 0.0346
6 0.8836 0.3975 0.0449 0.0423
6 0.4645 0.3339 0.0525 0.0405
6 0.5381 0.3997 0.0385 0.0568
6 0.9020 0.2420 0.0193 0.0449
0 0.0963 0.2926 0.0686 0.0643
6 0.2065 0.2643 0.0306 0.0373
6 0.3014 0.2289 0.0350 0.0450
6 0.3808 0.2943 0.0720 0.0485
2 0.4636 0.6250 0.0299 0.0229
2 0.8764 0.6181 0.0149 0.0122
2 0.7957 0.6136 0.0065 0.0132
0 0.9230 0.3939 0.0613 0.0414
6 0.8639 0.3444 0.0539 0.0187
6 0.7022 0.7300 0.0454 0.0435
0 0.5762 0.3827 0.0481 0.0348
0 0.4234 0.7918 0.0634 0.0776
0 0.5909 0.7534 0.0122 0.0139
6 0.8520 0.7209 0.0140 0.0198
6 0.9547 0.6225 0.0308 0.0166
0 0.3980 0.4811 0.0422 0.0447
