0 0.6655 0.6434 0.0885 0.1952
0 0.2722 0.7032 0.1614 0.2993
0 0.1457 0.7686 0.1139 0.1255
0 0.8489 0.6706 0.3022 0.5717
0 0.0798 0.6432 0.1595 0.3277
2 0.4460 0.5515 0.0774 0.0998
0 0.1874 0.5187 0.1598 0.2006
0 0.5117 0.7919 0.2014 0.1720
5 0.4152 0.7183 0.2330 0.2810
5 0.1704 0.6759 0.0862 0.1180
5 0.5782 0.5696 0.3027 0.3090
5 0.3874 0.5908 0.0851 0.1238
0 0.6905 0.8238 0.1698 0.2242
5 0.1428 0.3803 0.1040 0.0826
4 0.0595 0.4401 0.1189 0.2778
4 0.8811 0.6480 0.1787 0.3358
0 0.2886 0.4421 0.2471 0.2616
6 0.5005 0.5049 0.0749 0.0438
