2 0.5081 0.0283 0.0177 0.0284
2 0.1788 0.4108 0.0151 0.0110
2 0.0038 0.0215 0.0076 0.0071
2 0.6353 0.4271 0.0386 0.0498
2 0.8994 0.0980 0.0193 0.0286
2 0.9503 0.2164 0.0169 0.0192
2 0.9302 0.4178 0.0314 0.0105
2 0.9879 0.4875 0.0135 0.0210
2 0.9125 0.7729 0.0124 0.0244
2 0.7220 0.9253 0.0217 0.0133
2 0.1709 0.9529 0.0097 0.0281
2 0.0629 0.9354 0.0238 0.0274
2 0.0621 0.8678 0.0409 0.0274
2 0.1866 0.5885 0.0390 0.0166
2 0.4511 0.5466 0.0223 0.0209
2 0.6527 0.6234 0.0334 0.0410
2 0.5588 0.5474 0.0322 0.0072
2 0.6381 0.5007 0.0161 0.0531
2 0.5918 0.1963 0.0161 0.0260
2 0.5553 0.2590 0.0101 0.0250
2 0.3408 0.3165 0.0493 0.0289
2 0.0736 0.1501 0.0467 0.0760
2 0.2620 0.1038 0.0875 0.0201
2 0.3938 0.0852 0.0342 0.0081
2 0.3739 0.1122 0.0475 0.0163
2 0.4767 0.1116 0.0563 0.0241
