2 0.6246 0.1917 0.1395 0.1383
2 0.6619 0.0662 0.0619 0.0399
2 0.9312 0.1497 0.1375 0.0840
3 0.3535 0.9718 0.0888 0.0475
6 0.7953 0.7066 0.2756 0.1479
6 0.5067 0.6753 0.2832 0.0642
2 0.6618 0.2965 0.0506 0.0346
2 0.4282 0.8610 0.1175 0.1023
2 0.2573 0.7769 0.3115 0.1214
2 0.8514 0.9431 0.1892 0.1139
2 0.8831 0.8594 0.0433 0.0221
2 0.6389 0.7724 0.0438 0.0369
2 0.5760 0.8014 0.0379 0.0151
2 0.7142 0.6372 0.1171 0.0862
2 0.7965 0.4993 0.0327 0.0359
2 0.7200 0.4600 0.0612 0.0354
2 0.5645 0.4372 0.0993 0.0403
2 0.6217 0.3551 0.1547 0.0915
2 0.8296 0.2814 0.1425 0.0993
2 0.5208 0.1121 0.2517 0.1104
2 0.6094 0.8260 0.0490 0.0505
2 0.2409 0.4232 0.0959 0.0478
2 0.2010 0.0500 0.2170 0.0851
