6 0.0893 0.0274 0.0866 0.0329
6 0.1908 0.1253 0.0423 0.0357
2 0.2378 0.0824 0.0227 0.0083
2 0.2968 0.1210 0.0138 0.0079
2 0.9270 0.1549 0.0061 0.0129
2 0.9544 0.2500 0.0141 0.0089
6 0.9392 0.3634 0.0420 0.0265
3 0.2787 0.3894 0.1763 0.1093
0 0.4144 0.5080 0.1082 0.1010
2 0.9043 0.5150 0.0138 0.0112
6 0.0769 0.5876 0.0123 0.0137
2 0.6776 0.6232 0.0134 0.0326
6 0.0396 0.7775 0.0287 0.0622
2 0.0915 0.9914 0.0222 0.0173
4 0.0670 0.9501 0.0795 0.0619
0 0.2983 0.5914 0.0268 0.0290
4 0.8732 0.7417 0.0482 0.0727
0 0.3045 0.3264 0.0739 0.0977
0 0.3221 0.5405 0.0817 0.1977
