2 0.2418 0.6031 0.0406 0.0747
2 0.7527 0.6454 0.0158 0.0131
6 0.6933 0.4739 0.0341 0.0076
6 0.4838 0.1992 0.0200 0.0274
2 0.7779 0.3096 0.0714 0.0196
6 0.7993 0.7184 0.1160 0.0561
2 0.4877 0.2268 0.0177 0.0196
2 0.7534 0.2295 0.0203 0.0124
2 0.7647 0.0736 0.0175 0.0105
2 0.8398 0.0835 0.0121 0.0150
2 0.2786 0.0392 0.0202 0.0153
2 0.1992 0.1228 0.0535 0.0546
2 0.2860 0.4959 0.0315 0.0143
0 0.3975 0.4556 0.0171 0.0126
0 0.0857 0.5146 0.0258 0.0098
2 0.5892 0.7182 0.0235 0.0086
2 0.1858 0.9042 0.0269 0.0103
2 0.0436 0.8928 0.0170 0.0197
2 0.8433 0.9304 0.0151 0.0169
2 0.8257 0.9829 0.0265 0.0343
2 0.9505 0.7040 0.0240 0.0159
2 0.8628 0.7262 0.0154 0.0210
2 0.9284 0.6005 0.0328 0.0255
0 0.8728 0.6091 0.0172 0.0141
2 0.9478 0.4646 0.0077 0.0342
0 0.6105 0.3564 0.0181 0.0113
0 0.6259 0.3448 0.0191 0.0162
