0 0.0921 0.6542 0.0511 0.2828
6 0.4214 0.0845 0.2230 0.1268
6 0.8539 0.5267 0.0924 0.5038
6 0.6853 0.0581 0.0228 0.0567
0 0.7289 0.9198 0.0529 0.0712
0 0.4544 0.9323 0.0482 0.0683
0 0.0360 0.6296 0.0515 0.0643
6 0.0664 0.6424 0.0407 0.0530
2 0.1674 0.1863 0.1786 0.2437
6 0.2355 0.3058 0.0259 0.0462
6 0.1652 0.2774 0.1280 0.1384
6 0.0521 0.2461 0.0467 0.0623
6 0.0117 0.2075 0.0234 0.0358
2 0.7718 0.8214 0.0373 0.0752
2 0.6723 0.4194 0.0195 0.0352
0 0.7919 0.7343 0.0300 0.4500
0 0.6125 0.1983 0.1042 0.2951
