6 0.5903 0.5531 0.0770 0.0737
6 0.4488 0.2526 0.0544 0.0262
6 0.6351 0.2960 0.0180 0.0214
6 0.6714 0.2259 0.0246 0.0321
6 0.9196 0.2914 0.0708 0.1065
6 0.7942 0.3243 0.0249 0.0335
6 0.1344 0.3177 0.0349 0.0328
6 0.2127 0.3261 0.0136 0.0176
0 0.2304 0.3199 0.0402 0.0460
6 0.3287 0.2984 0.0886 0.0807
0 0.3387 0.2640 0.0450 0.0560
0 0.3077 0.3735 0.0555 0.0468
6 0.3204 0.4489 0.0407 0.0328
2 0.4052 0.3873 0.0710 0.0556
6 0.5113 0.3791 0.0180 0.0388
2 0.6910 0.9401 0.1376 0.0355
3 0.8323 0.6295 0.1094 0.0824
0 0.6928 0.4991 0.0672 0.1085
6 0.5996 0.4266 0.0802 0.0321
6 0.8567 0.6819 0.1838 0.1020
0 0.7169 0.5875 0.1190 0.0755
