6 0.8531 0.2461 0.0340 0.0362
6 0.2749 0.1109 0.0227 0.0436
6 0.1362 0.2037 0.0170 0.0207
6 0.1924 0.3612 0.0207 0.0490
2 0.2791 0.2989 0.0128 0.0063
2 0.2700 0.2640 0.0344 0.0650
2 0.6523 0.5163 0.0383 0.0376
2 0.8111 0.3343 0.0427 0.0651
2 0.8298 0.4399 0.0186 0.0144
2 0.7371 0.4446 0.0638 0.1021
2 0.6802 0.4433 0.0374 0.0573
2 0.9209 0.1702 0.0202 0.0243
6 0.0112 0.2027 0.0225 0.0542
2 0.0969 0.3214 0.0972 0.1875
2 0.6074 0.8485 0.1237 0.1930
2 0.4219 0.6095 0.1942 0.2530
6 0.4786 0.7545 0.0279 0.0358
2 0.8413 0.8737 0.0808 0.1206
6 0.9174 0.4484 0.0092 0.0137
6 0.8828 0.4256 0.0283 0.0237
6 0.0946 0.1285 0.0269 0.0452
6 0.4209 0.0457 0.0270 0.0413
0 0.7978 0.0782 0.0145 0.0207
6 0.7940 0.2928 0.0086 0.0100
