0 0.2984 0.4370 0.0333 0.0475
0 0.5630 0.3321 0.0214 0.0414
0 0.5868 0.3238 0.0148 0.0388
0 0.4093 0.3420 0.1059 0.1123
0 0.4016 0.2819 0.1068 0.0739
6 0.3121 0.3090 0.0695 0.0676
4 0.5557 0.4945 0.0237 0.0362
1 0.7063 0.3959 0.0448 0.1400
5 0.8826 0.5824 0.2132 0.4755
1 0.7267 0.5716 0.1058 0.2009
4 0.3945 0.1935 0.1018 0.0763
2 0.5259 0.3073 0.0662 0.0753
0 0.4341 0.5424 0.1329 0.0994
6 0.4701 0.6566 0.0448 0.0723
6 0.5405 0.6765 0.0741 0.0902
2 0.2729 0.5788 0.0257 0.0245
1 0.5725 0.4386 0.0566 0.0901
6 0.4954 0.2575 0.0274 0.0348
0 0.5565 0.5551 0.0258 0.0424
0 0.5251 0.6112 0.0154 0.0299
0 0.5413 0.5798 0.0232 0.0229
0 0.6079 0.6003 0.0785 0.0516
0 0.3515 0.7217 0.1199 0.1038
0 0.3009 0.7638 0.1339 0.1588
0 0.4216 0.8255 0.2585 0.1370
0 0.4649 0.7717 0.2518 0.0985
0 0.6528 0.7282 0.1176 0.0679
0 0.6562 0.8099 0.1189 0.0270
0 0.5688 0.8546 0.2036 0.0613
0 0.1847 0.6025 0.1027 0.1129
0 0.3681 0.4259 0.0257 0.0431
0 0.3453 0.4151 0.0318 0.0429
0 0.3095 0.4024 0.0326 0.0406
0 0.3652 0.4855 0.0484 0.0435
0 0.3131 0.4941 0.0456 0.0584
0 0.4133 0.4444 0.0584 0.0944
0 0.5171 0.4259 0.0326 0.0323
0 0.4954 0.4738 0.0240 0.0275
2 0.2980 0.2523 0.3319 0.2930
2 0.7498 0.2413 0.1924 0.2059
6 0.5707 0.1922 0.2584 0.1806
0 0.3435 0.4613 0.0404 0.0461
0 0.2905 0.4849 0.0348 0.0454
