0 0.4795 0.2758 0.0437 0.0767
2 0.8391 0.0719 0.0175 0.0249
6 0.5597 0.5877 0.0344 0.0798
6 0.3481 0.3616 0.0145 0.0317
4 0.5128 0.1960 0.0337 0.0892
4 0.3425 0.7710 0.0397 0.0563
0 0.8425 0.2580 0.0429 0.0433
0 0.9687 0.3846 0.0627 0.1244
2 0.4029 0.5377 0.0483 0.0605
2 0.5897 0.6497 0.0509 0.0500
2 0.7852 0.6603 0.0170 0.0315
2 0.7816 0.6391 0.0195 0.0171
2 0.7826 0.7938 0.0215 0.0131
2 0.6340 0.7220 0.0099 0.0288
2 0.8805 0.5135 0.0114 0.0353
2 0.8092 0.1282 0.0134 0.0306
2 0.8148 0.1485 0.0089 0.0297
2 0.7079 0.2084 0.0307 0.0979
2 0.6975 0.2730 0.0267 0.0428
4 0.6302 0.3407 0.0629 0.0969
2 0.5368 0.4898 0.0109 0.0286
0 0.5204 0.3668 0.0966 0.1947
0 0.4454 0.5886 0.1078 0.1428
0 0.5730 0.8780 0.1759 0.2440
0 0.4645 0.7632 0.0967 0.2371
0 0.3950 0.7898 0.0641 0.1148
0 0.3631 0.9138 0.0594 0.0891
0 0.2981 0.2147 0.0290 0.0659
0 0.2263 0.4583 0.0400 0.1335
0 0.4160 0.0828 0.0811 0.1637
0 0.5257 0.0760 0.0751 0.1504
6 0.7479 0.0948 0.1106 0.1860
6 0.2711 0.6563 0.0671 0.2608
0 0.4445 0.4548 0.0396 0.1242
2 0.4861 0.4890 0.0165 0.0186
2 0.4967 0.4304 0.0050 0.0268
2 0.4677 0.4054 0.0145 0.0191
4 0.6399 0.2478 0.0906 0.0984
