0 0.0768 0.2869 0.1380 0.0435
0 0.0872 0.3425 0.0664 0.0503
0 0.1351 0.3938 0.0710 0.0542
0 0.1276 0.4722 0.2396 0.0146
6 0.2712 0.2795 0.0788 0.0259
2 0.3665 0.4280 0.0182 0.0356
0 0.2686 0.6829 0.1191 0.1401
0 0.8874 0.5505 0.0820 0.1089
0 0.5638 0.7480 0.1081 0.1025
2 0.8975 0.6934 0.1309 0.0703
0 0.6403 0.4995 0.0462 0.0469
0 0.7350 0.5283 0.2227 0.1299
2 0.7620 0.3733 0.0332 0.0327
0 0.8932 0.4236 0.1068 0.0747
2 0.6943 0.4709 0.0345 0.0405
0 0.7676 0.5891 0.0260 0.0356
0 0.7894 0.9832 0.0072 0.0288
0 0.7171 0.9854 0.0762 0.0273
6 0.0951 0.9519 0.0651 0.0278
0 0.4189 0.4214 0.1855 0.0654
2 0.1410 0.1582 0.1517 0.1172
0 0.3434 0.3140 0.0488 0.0273
2 0.3258 0.6377 0.0306 0.0137
2 0.3698 0.6328 0.0182 0.0303
2 0.1178 0.7659 0.0299 0.0259
2 0.8330 0.8477 0.0228 0.0254
2 0.4535 0.6321 0.0280 0.0269
2 0.6891 0.4248 0.0150 0.0195
2 0.7770 0.4089 0.0371 0.0181
