33 0.5005 0.0455 0.0669 0.0125
12 0.5041 0.4672 0.1102 0.0235
59 0.5417 0.4928 0.0088 0.0110
59 0.6601 0.4770 0.0241 0.0090
59 0.2654 0.5733 0.0132 0.0130
59 0.3742 0.6182 0.0302 0.0105
59 0.3775 0.6221 0.0203 0.0073
59 0.2053 0.7255 0.0510 0.0080
59 0.2234 0.7129 0.0214 0.0147
59 0.1203 0.7923 0.0225 0.0190
59 0.3588 0.9506 0.0444 0.0158
59 0.6916 0.9373 0.0312 0.0150
59 0.2533 0.5720 0.0121 0.0095
59 0.5748 0.4634 0.0159 0.0097
59 0.6288 0.3952 0.0110 0.0060
58 0.6393 0.0786 0.0143 0.0032
58 0.9449 0.9577 0.0411 0.0360
58 0.5288 0.7984 0.0345 0.0283
58 0.0814 0.7314 0.0422 0.0248
58 0.2363 0.7465 0.0636 0.0175
39 0.0228 0.7671 0.0247 0.0112
