12 0.4929 0.4950 0.1020 0.0235
50 0.4581 0.4959 0.0214 0.0072
31 0.5787 0.4301 0.0532 0.0232
59 0.6247 0.4708 0.0345 0.0080
59 0.4885 0.4865 0.0241 0.0080
59 0.5008 0.4866 0.0159 0.0067
59 0.5266 0.4833 0.0181 0.0030
59 0.3709 0.5366 0.0225 0.0083
59 0.3860 0.5085 0.0110 0.0100
33 0.3703 0.5152 0.0367 0.0140
33 0.2843 0.5125 0.0378 0.0125
59 0.2555 0.5533 0.0143 0.0110
59 0.2985 0.5487 0.0203 0.0105
59 0.1395 0.6129 0.0203 0.0118
59 0.0650 0.6421 0.0137 0.0107
59 0.1743 0.5654 0.0307 0.0083
36 0.1105 0.5996 0.1442 0.0867
