0 0.7690 0.6255 0.1377 0.1314
0 0.8047 0.5668 0.0645 0.0533
2 0.2426 0.6120 0.0539 0.0328
2 0.2900 0.7309 0.0531 0.0309
0 0.0227 0.2714 0.0453 0.0239
0 0.2649 0.8862 0.0527 0.0665
0 0.2917 0.5625 0.0817 0.1513
0 0.2584 0.4562 0.0666 0.0355
2 0.2518 0.4324 0.0347 0.0138
2 0.6959 0.1679 0.0421 0.0184
4 0.0952 0.5605 0.0384 0.0205
6 0.1262 0.5669 0.0253 0.0156
6 0.6289 0.7621 0.0159 0.0297
6 0.7986 0.4547 0.0686 0.0282
6 0.1932 0.1806 0.0474 0.0119
6 0.5353 0.1996 0.0903 0.0156
6 0.5721 0.1491 0.0094 0.0034
6 0.0987 0.4013 0.0200 0.0098
0 0.7351 0.8715 0.0176 0.0934
6 0.5823 0.7872 0.0233 0.0254
0 0.3868 0.7944 0.0645 0.0453
0 0.7686 0.5395 0.0519 0.0411
2 0.0388 0.1901 0.0368 0.0218
0 0.2808 0.6334 0.0208 0.0095
