0 0.3709 0.8122 0.1748 0.1023
0 0.4524 0.5826 0.1475 0.0708
0 0.2633 0.3831 0.1499 0.0334
0 0.2077 0.3427 0.0617 0.0328
0 0.2549 0.4893 0.0564 0.0711
0 0.4747 0.2382 0.0801 0.0248
0 0.1914 0.2906 0.0502 0.0456
0 0.0578 0.3460 0.0674 0.0352
0 0.0584 0.1180 0.0343 0.0460
0 0.0149 0.0826 0.0282 0.0205
2 0.4630 0.6376 0.0331 0.0263
2 0.2678 0.7878 0.0568 0.0365
0 0.1922 0.3778 0.0086 0.0061
0 0.4383 0.2396 0.0074 0.0123
2 0.1516 0.3589 0.0931 0.0512
6 0.0913 0.2760 0.1826 0.1072
6 0.0104 0.0156 0.0208 0.0312
4 0.0696 0.0676 0.0290 0.0199
4 0.2314 0.6762 0.0167 0.0159
2 0.3194 0.8900 0.0180 0.0214
