38 0.0718 0.0190 0.1437 0.0380
5 0.6775 0.4547 0.0438 0.0204
59 0.8032 0.4783 0.0107 0.0049
29 0.2206 0.5237 0.0129 0.0065
29 0.6268 0.4732 0.0074 0.0061
59 0.7538 0.5419 0.0126 0.0094
58 0.9214 0.5566 0.0089 0.0078
33 0.7325 0.4336 0.0086 0.0151
33 0.4542 0.4134 0.0193 0.0204
58 0.4681 0.4254 0.0202 0.0110
59 0.2449 0.4259 0.0169 0.0274
59 0.1359 0.5071 0.0107 0.0053
29 0.0574 0.4389 0.0150 0.0167
59 0.6201 0.5353 0.0092 0.0078
58 0.8131 0.5660 0.0178 0.0110
47 0.8649 0.4657 0.0362 0.0172
58 0.8552 0.4293 0.0358 0.0172
58 0.9216 0.4643 0.0116 0.0078
58 0.9202 0.5076 0.0236 0.0110
58 0.6858 0.4261 0.0150 0.0074
9 0.5237 0.4747 0.0083 0.0065
58 0.4876 0.4359 0.0107 0.0074
