9 0.6019 0.2270 0.0421 0.0515
9 0.4285 0.2172 0.0163 0.0104
9 0.6401 0.1559 0.0131 0.0116
9 0.3243 0.3297 0.0106 0.0165
9 0.3764 0.3217 0.0102 0.0104
9 0.4798 0.3471 0.0135 0.0141
9 0.5145 0.3776 0.0167 0.0377
9 0.4882 0.3692 0.0090 0.0061
9 0.4847 0.2538 0.0192 0.0070
9 0.5656 0.3263 0.0143 0.0074
9 0.5670 0.3444 0.0098 0.0074
9 0.4281 0.4825 0.0204 0.0135
9 0.4261 0.4303 0.0114 0.0132
9 0.4675 0.4917 0.0257 0.0184
9 0.4516 0.7388 0.0903 0.1002
9 0.6317 0.7066 0.1025 0.0885
9 0.4208 0.7806 0.0286 0.0196
9 0.4434 0.7835 0.0290 0.0169
9 0.5188 0.6265 0.0147 0.0086
9 0.5821 0.6264 0.0147 0.0138
9 0.3295 0.5899 0.0102 0.0119
9 0.5507 0.9341 0.0229 0.0263
9 0.5823 0.4343 0.0053 0.0113
9 0.3938 0.0757 0.0098 0.0135
9 0.5049 0.3624 0.0106 0.0123
58 0.1072 0.3214 0.0274 0.0178
59 0.6254 0.5679 0.0106 0.0187
9 0.1311 0.2010 0.0163 0.0172
