6 0.5363 0.3137 0.0616 0.0637
6 0.6429 0.4712 0.0689 0.1164
9 0.5263 0.4248 0.0129 0.0147
9 0.5409 0.4647 0.0175 0.0282
9 0.7535 0.4855 0.0420 0.0576
9 0.8882 0.5605 0.0343 0.0302
9 0.7377 0.3793 0.0116 0.0127
9 0.6365 0.3756 0.0083 0.0110
9 0.6048 0.2774 0.0153 0.0425
9 0.5725 0.3803 0.0156 0.0114
9 0.5882 0.4510 0.0190 0.0139
9 0.6726 0.4612 0.0175 0.0196
9 0.5498 0.5290 0.0138 0.0261
9 0.4897 0.6324 0.0518 0.0229
9 0.3574 0.6397 0.0150 0.0188
9 0.6293 0.6085 0.0196 0.0625
9 0.6756 0.5584 0.0521 0.0507
9 0.6103 0.6832 0.0202 0.0176
9 0.6019 0.5255 0.0420 0.0249
9 0.6684 0.6017 0.0095 0.0212
9 0.7100 0.5600 0.0218 0.0441
9 0.7195 0.6258 0.0162 0.0106
9 0.6929 0.6279 0.0150 0.0188
9 0.6887 0.6420 0.0074 0.0274
9 0.7088 0.6542 0.0107 0.0143
9 0.5242 0.5870 0.0116 0.0123
9 0.6457 0.6189 0.0144 0.0221
9 0.5023 0.8280 0.0169 0.0147
9 0.6691 0.6252 0.0116 0.0110
9 0.6826 0.6262 0.0043 0.0139
9 0.6230 0.7281 0.0175 0.0102
9 0.6661 0.6438 0.0110 0.0131
9 0.6123 0.5439 0.0077 0.0069
9 0.5892 0.6148 0.0067 0.0106
9 0.6454 0.7386 0.0132 0.0114
9 0.7454 0.7684 0.0067 0.0204
9 0.8307 0.8009 0.0064 0.0159
9 0.6529 0.3550 0.0098 0.0098
9 0.6530 0.6366 0.0119 0.0078
9 0.6420 0.6467 0.0052 0.0131
9 0.6483 0.7085 0.0067 0.0167
9 0.6584 0.7204 0.0074 0.0102
9 0.6702 0.4465 0.0132 0.0106
9 0.6844 0.4904 0.0074 0.0078
9 0.3165 0.4667 0.0270 0.0151
9 0.6907 0.8834 0.0187 0.0086
9 0.8408 0.7355 0.0138 0.0159
9 0.6296 0.3687 0.0086 0.0053
9 0.8968 0.2525 0.0098 0.0147
9 0.9089 0.2549 0.0132 0.0147
9 0.9066 0.2379 0.0214 0.0192
9 0.9243 0.2326 0.0116 0.0086
9 0.5977 0.9626 0.0202 0.0102
59 0.7381 0.0131 0.0190 0.0106
