12 0.2823 0.6266 0.0941 0.2100
12 0.2693 0.4530 0.0944 0.2141
12 0.2471 0.4236 0.0830 0.2729
12 0.3574 0.3368 0.0769 0.1516
12 0.5202 0.3505 0.0637 0.1479
12 0.6091 0.3295 0.0662 0.1409
12 0.6492 0.2947 0.0533 0.1328
12 0.7206 0.3656 0.0754 0.1446
12 0.7618 0.3756 0.0395 0.0821
12 0.7083 0.3154 0.0699 0.1307
12 0.1484 0.4900 0.0444 0.1099
5 0.1739 0.6609 0.0775 0.3538
40 0.7886 0.2083 0.2598 0.3039
50 0.2745 0.5494 0.0337 0.0327
50 0.2696 0.3638 0.0288 0.0266
50 0.2411 0.3072 0.0288 0.0163
50 0.5208 0.2925 0.0214 0.0123
50 0.6192 0.2735 0.0202 0.0143
50 0.7344 0.3080 0.0214 0.0204
50 0.7535 0.3920 0.0138 0.0200
