5 0.4271 0.5147 0.0184 0.0294
5 0.4694 0.5475 0.0270 0.0270
5 0.4804 0.5424 0.0294 0.0297
5 0.6900 0.0084 0.0253 0.0169
5 0.5654 0.2835 0.0384 0.0119
5 0.5831 0.3153 0.0135 0.0270
5 0.5223 0.2875 0.0159 0.0236
4 0.3744 0.7681 0.0380 0.0337
58 0.6938 0.0237 0.0208 0.0138
58 0.6442 0.0559 0.0261 0.0211
58 0.7151 0.0211 0.0323 0.0190
29 0.6609 0.0464 0.0098 0.0113
58 0.6746 0.0490 0.0167 0.0104
58 0.6912 0.0525 0.0253 0.0126
58 0.6275 0.1275 0.0114 0.0104
58 0.6626 0.1258 0.0180 0.0113
58 0.6252 0.1509 0.0143 0.0113
58 0.5991 0.1622 0.0110 0.0064
58 0.6264 0.1710 0.0086 0.0061
58 0.6078 0.2034 0.0188 0.0123
58 0.5829 0.1837 0.0082 0.0070
58 0.5560 0.3140 0.0359 0.0135
58 0.5690 0.3289 0.0310 0.0089
58 0.5784 0.3611 0.0237 0.0083
58 0.6262 0.3476 0.0057 0.0070
58 0.8111 0.2615 0.0282 0.0144
58 0.7100 0.5665 0.0204 0.0153
58 0.5774 0.4822 0.0143 0.0165
58 0.6264 0.2515 0.0110 0.0104
58 0.3903 0.6803 0.0372 0.0224
58 0.4048 0.5887 0.0082 0.0064
58 0.4708 0.4228 0.0274 0.0214
58 0.4506 0.5821 0.0433 0.0276
58 0.4798 0.5797 0.0143 0.0116
58 0.5893 0.4825 0.0135 0.0092
58 0.5776 0.4499 0.0049 0.0064
58 0.4320 0.4914 0.0118 0.0178
29 0.3082 0.7809 0.0159 0.0129
58 0.3051 0.8441 0.0270 0.0282
58 0.4109 0.6203 0.0123 0.0132
58 0.4365 0.5296 0.0167 0.0058
58 0.5108 0.4513 0.0290 0.0221
29 0.3184 0.9004 0.0282 0.0141
58 0.2261 0.9527 0.0135 0.0113
29 0.2998 0.8229 0.0147 0.0110
58 0.4120 0.6821 0.0078 0.0236
58 0.3634 0.6901 0.0110 0.0126
58 0.3278 0.8612 0.0094 0.0159
58 0.3354 0.7782 0.0310 0.0233
58 0.3301 0.8413 0.0106 0.0074
58 0.3203 0.8297 0.0065 0.0080
58 0.4608 0.4363 0.0123 0.0067
58 0.3826 0.7169 0.0323 0.0190
58 0.3766 0.7304 0.0196 0.0129
58 0.3548 0.7619 0.0069 0.0092
58 0.3646 0.7351 0.0102 0.0089
58 0.3881 0.7462 0.0294 0.0169
58 0.3194 0.8186 0.0090 0.0086
58 0.3619 0.8439 0.0106 0.0132
58 0.3243 0.9139 0.0163 0.0123
58 0.3429 0.9162 0.0159 0.0169
58 0.2806 0.9786 0.0155 0.0092
58 0.2733 0.9905 0.0139 0.0110
20 0.6485 0.1043 0.0184 0.0119
39 0.6295 0.1817 0.0351 0.0172
36 0.7237 0.0070 0.0470 0.0141
39 0.5194 0.3528 0.0249 0.0199
39 0.5431 0.4861 0.0241 0.0187
39 0.4757 0.5077 0.0298 0.0221
36 0.5012 0.5196 0.0368 0.0251
39 0.4786 0.4841 0.0331 0.0239
39 0.3964 0.6552 0.0421 0.0279
36 0.5282 0.4712 0.0278 0.0208
12 0.7872 0.3234 0.0286 0.0095
12 0.8049 0.2063 0.0127 0.0150
12 0.8803 0.0602 0.0196 0.0101
12 0.9048 0.4907 0.0196 0.0224
27 0.4332 0.6517 0.0086 0.0061
27 0.4044 0.7485 0.0098 0.0135
55 0.4806 0.3822 0.0061 0.0242
55 0.4706 0.4024 0.0082 0.0230
55 0.3638 0.8637 0.0110 0.0386
55 0.5752 0.2109 0.0123 0.0175
7 0.3589 0.8609 0.0086 0.0067
7 0.3583 0.7702 0.0065 0.0049
7 0.3487 0.7918 0.0078 0.0064
7 0.3533 0.8038 0.0065 0.0064
7 0.2939 0.9937 0.0069 0.0064
7 0.3350 0.8742 0.0074 0.0058
7 0.3401 0.8139 0.0053 0.0058
