5 0.1956 0.0982 0.0518 0.0421
5 0.4818 0.2163 0.0248 0.0282
59 0.1608 0.3464 0.0043 0.0065
59 0.2316 0.3100 0.0074 0.0057
59 0.2142 0.2998 0.0080 0.0033
59 0.2402 0.2978 0.0049 0.0057
59 0.2111 0.2700 0.0080 0.0041
59 0.2129 0.2447 0.0092 0.0025
59 0.2644 0.2508 0.0080 0.0033
59 0.1933 0.2083 0.0067 0.0033
59 0.3309 0.2721 0.0037 0.0065
59 0.3404 0.2831 0.0116 0.0041
59 0.4133 0.2663 0.0080 0.0033
59 0.4727 0.2243 0.0031 0.0057
59 0.3842 0.1989 0.0049 0.0041
59 0.5294 0.2794 0.0074 0.0033
59 0.5352 0.2529 0.0067 0.0057
59 0.3854 0.3292 0.0049 0.0049
59 0.3900 0.3276 0.0055 0.0065
59 0.5037 0.3578 0.0061 0.0016
59 0.5680 0.4596 0.0061 0.0057
59 0.8487 0.4943 0.0098 0.0082
59 0.8732 0.7475 0.0086 0.0131
59 0.8974 0.7700 0.0129 0.0106
59 0.7969 0.7431 0.0092 0.0090
59 0.3560 0.4338 0.0098 0.0065
59 0.1670 0.4011 0.0104 0.0098
59 0.5702 0.8480 0.0104 0.0163
59 0.2592 0.1029 0.0074 0.0033
59 0.0478 0.1058 0.0061 0.0025
