20 0.5071 0.5247 0.0731 0.0916
58 0.4167 0.5691 0.0572 0.0432
59 0.4069 0.5401 0.0114 0.0165
59 0.4158 0.5211 0.0163 0.0178
59 0.4363 0.5184 0.0245 0.0110
59 0.4363 0.4920 0.0065 0.0172
59 0.4592 0.5086 0.0131 0.0098
59 0.4563 0.4715 0.0155 0.0178
59 0.4657 0.4966 0.0098 0.0104
59 0.4645 0.4954 0.0155 0.0080
59 0.4620 0.4893 0.0221 0.0080
59 0.4457 0.4908 0.0057 0.0233
59 0.4085 0.5536 0.0147 0.0080
59 0.4154 0.5567 0.0155 0.0092
59 0.4387 0.5542 0.0114 0.0043
59 0.1740 0.6057 0.0065 0.0080
59 0.5723 0.0668 0.0057 0.0110
