4 0.3887 0.4404 0.3755 0.4756
0 0.2413 0.5609 0.0615 0.0526
0 0.2462 0.6383 0.0471 0.1054
0 0.2913 0.6300 0.0442 0.1054
0 0.3180 0.6332 0.0630 0.0888
0 0.2381 0.7208 0.0844 0.0635
0 0.2153 0.7968 0.0546 0.0949
0 0.2764 0.8117 0.0644 0.1151
0 0.3536 0.8280 0.0784 0.1093
0 0.3214 0.7319 0.0813 0.0907
0 0.3683 0.6997 0.0846 0.0878
0 0.4835 0.6011 0.0815 0.1157
0 0.5143 0.7779 0.0608 0.1224
0 0.6017 0.4029 0.0688 0.1256
0 0.6614 0.3455 0.0978 0.1109
0 0.8760 0.4764 0.0692 0.1394
0 0.6992 0.3163 0.0147 0.0218
0 0.5065 0.5623 0.0101 0.0093
0 0.2915 0.7639 0.0108 0.0125
0 0.6204 0.4644 0.0101 0.0083
