5 0.1291 0.6304 0.0621 0.1020
5 0.5993 0.5794 0.0523 0.0996
12 0.6569 0.5830 0.0850 0.0397
8 0.5684 0.6255 0.0110 0.0105
8 0.5067 0.6277 0.0118 0.0117
7 0.5419 0.6698 0.0143 0.0134
7 0.5833 0.6235 0.0204 0.0121
8 0.5006 0.6223 0.0110 0.0105
49 0.1011 0.7281 0.0176 0.0166
33 0.8887 0.5387 0.2226 0.1130
39 0.6211 0.5336 0.0364 0.0186
58 0.0566 0.7605 0.0290 0.0190
58 0.0165 0.7219 0.0306 0.0057
58 0.2404 0.7188 0.0110 0.0182
29 0.5707 0.6652 0.0114 0.0121
58 0.3638 0.7265 0.0110 0.0117
59 0.8979 0.7028 0.0065 0.0211
