49 0.5137 0.6484 0.0821 0.0187
58 0.5999 0.7233 0.0290 0.0086
59 0.5123 0.9798 0.0163 0.0306
59 0.6846 0.8649 0.0278 0.0202
59 0.4199 0.5879 0.0114 0.0239
59 0.4571 0.2693 0.0270 0.0116
59 0.7757 0.3339 0.0335 0.0196
59 0.8840 0.8300 0.0196 0.0214
59 0.8636 0.7966 0.0180 0.0319
59 0.8987 0.8168 0.0294 0.0135
59 0.8791 0.5637 0.0458 0.0086
59 0.7733 0.4635 0.0237 0.0227
59 0.7357 0.2543 0.0204 0.0086
59 0.8374 0.0855 0.0261 0.0043
59 0.8864 0.1504 0.0212 0.0080
59 0.7610 0.0888 0.0090 0.0086
59 0.9698 0.2512 0.0212 0.0061
59 0.2259 0.8153 0.0204 0.0227
