0 0.2669 0.5121 0.0466 0.1238
0 0.3094 0.5004 0.0472 0.1364
0 0.3509 0.5090 0.0487 0.1446
0 0.3974 0.5343 0.0490 0.1242
0 0.4396 0.5210 0.0490 0.1393
0 0.4799 0.5029 0.0432 0.1307
0 0.5213 0.5029 0.0432 0.1454
0 0.5636 0.5286 0.0469 0.1462
0 0.6043 0.5292 0.0432 0.1940
0 0.6716 0.5566 0.0619 0.1344
0 0.5202 0.6215 0.1140 0.0609
0 0.4131 0.6203 0.1002 0.0543
0 0.3033 0.6164 0.1140 0.0605
6 0.2460 0.5976 0.0282 0.0359
0 0.3165 0.5549 0.0159 0.0192
0 0.3523 0.5733 0.0123 0.0086
0 0.4312 0.5784 0.0132 0.0082
0 0.4778 0.5539 0.0101 0.0106
0 0.5219 0.5654 0.0107 0.0065
6 0.4484 0.3374 0.0248 0.0155
6 0.4141 0.3411 0.0377 0.0221
6 0.3868 0.3523 0.0236 0.0380
6 0.6507 0.3913 0.0227 0.0351
6 0.6117 0.9067 0.0064 0.0233
0 0.6066 0.6179 0.0202 0.0151
