0 0.2276 0.3962 0.2408 0.3505
3 0.1806 0.3487 0.0334 0.0404
3 0.1317 0.2976 0.0331 0.0388
3 0.1362 0.2696 0.0291 0.0547
2 0.1607 0.3309 0.0401 0.0580
0 0.6703 0.4610 0.0545 0.1230
0 0.7082 0.2759 0.0800 0.0952
4 0.6546 0.3180 0.0628 0.0404
4 0.8194 0.1123 0.0236 0.0139
4 0.7512 0.3203 0.0257 0.0245
0 0.7152 0.1697 0.0095 0.0102
0 0.7423 0.1589 0.0110 0.0090
0 0.4767 0.1303 0.0092 0.0090
0 0.3747 0.2980 0.0123 0.0102
0 0.4429 0.3011 0.0119 0.0114
0 0.5764 0.3098 0.0107 0.0118
6 0.8689 0.0208 0.0135 0.0082
