0 0.7433 0.2379 0.0194 0.0242
2 0.0973 0.1477 0.0222 0.0507
2 0.0297 0.5034 0.0091 0.1364
2 0.2314 0.9044 0.0287 0.0501
0 0.7370 0.9360 0.0224 0.0622
0 0.6288 0.6944 0.0060 0.0118
0 0.4640 0.7129 0.0060 0.0118
0 0.4286 0.6327 0.0209 0.0296
0 0.3460 0.6371 0.0066 0.0094
0 0.2697 0.9326 0.0086 0.0131
0 0.1345 0.8135 0.0239 0.0517
0 0.7267 0.2965 0.0118 0.0097
6 0.4042 0.5528 0.0620 0.0665
2 0.1022 0.5531 0.0159 0.0464
2 0.1821 0.8395 0.0386 0.0326
2 0.2345 0.9575 0.0260 0.0205
0 0.6977 0.5768 0.0078 0.0097
