2 0.4145 0.1944 0.1663 0.0642
0 0.4741 0.5033 0.1570 0.0868
6 0.1026 0.3880 0.0720 0.0384
0 0.9694 0.3126 0.0211 0.0047
0 0.9091 0.4024 0.0197 0.0164
0 0.9148 0.4536 0.0238 0.0141
0 0.9781 0.5431 0.0418 0.0075
0 0.9861 0.5959 0.0244 0.0137
0 0.9244 0.5778 0.0274 0.0122
0 0.9105 0.7064 0.0552 0.0164
0 0.8573 0.9381 0.0137 0.0102
0 0.5505 0.8930 0.0388 0.0228
0 0.4722 0.7749 0.0040 0.0096
0 0.5049 0.8521 0.0097 0.0088
0 0.3231 0.8895 0.0258 0.0147
0 0.3432 0.8938 0.0124 0.0158
0 0.0582 0.2309 0.0228 0.0175
0 0.0448 0.2444 0.0207 0.0213
0 0.7441 0.4966 0.0385 0.0294
0 0.7632 0.6136 0.0197 0.0235
0 0.8030 0.5897 0.0271 0.0209
0 0.6250 0.5955 0.0264 0.0235
0 0.6367 0.6287 0.0231 0.0130
0 0.3827 0.5649 0.0144 0.0168
0 0.4147 0.4538 0.0375 0.0179
0 0.5452 0.1653 0.0388 0.0105
0 0.1183 0.4415 0.0157 0.0056
