2 0.9572 0.1676 0.0323 0.0138
2 0.9325 0.1847 0.0610 0.0210
2 0.8563 0.2182 0.0407 0.0295
0 0.8235 0.2414 0.0683 0.0602
2 0.6713 0.3919 0.0500 0.0338
2 0.6502 0.4622 0.0657 0.0655
2 0.6035 0.4346 0.1117 0.0553
2 0.6655 0.4387 0.0743 0.0345
2 0.4725 0.4748 0.0963 0.0675
2 0.4470 0.4010 0.0873 0.0455
0 0.4395 0.3606 0.0697 0.0607
0 0.3360 0.4031 0.1553 0.1037
0 0.2342 0.6184 0.1230 0.0872
0 0.2353 0.5583 0.0827 0.0495
0 0.3115 0.6729 0.0750 0.0703
0 0.5293 0.6993 0.1360 0.0915
0 0.5262 0.6020 0.1897 0.1600
0 0.5615 0.4980 0.0470 0.0625
0 0.6317 0.5343 0.0580 0.0520
6 0.5270 0.4555 0.0447 0.0355
0 0.4000 0.6835 0.1187 0.0920
0 0.3992 0.6544 0.1090 0.0558
2 0.5408 0.7844 0.1197 0.0602
2 0.4365 0.6152 0.0730 0.0670
2 0.4842 0.6048 0.0810 0.0770
2 0.3555 0.5939 0.1157 0.0607
2 0.1778 0.6993 0.0650 0.0575
0 0.2505 0.7836 0.0690 0.0367
2 0.2883 0.8066 0.0653 0.0612
2 0.4282 0.7512 0.1557 0.0990
0 0.1930 0.5144 0.0593 0.0707
2 0.2683 0.4790 0.0833 0.0295
2 0.2548 0.3269 0.0483 0.0222
2 0.1733 0.9223 0.0380 0.0295
2 0.5185 0.6226 0.0430 0.0467
2 0.3648 0.5320 0.0297 0.0225
2 0.3273 0.5634 0.0267 0.0278
2 0.2965 0.5942 0.0283 0.0275
