0 0.4911 0.6145 0.1737 0.0429
2 0.5082 0.5041 0.0238 0.0056
2 0.5710 0.5550 0.0241 0.0064
2 0.8313 0.4062 0.0221 0.0053
2 0.6394 0.4215 0.0110 0.0090
2 0.2565 0.6390 0.0311 0.0051
2 0.5062 0.8133 0.0211 0.0115
2 0.9520 0.3662 0.0117 0.0072
2 0.9585 0.2011 0.0114 0.0040
2 0.9466 0.2378 0.0157 0.0038
2 0.7858 0.2421 0.0134 0.0038
2 0.7975 0.2521 0.0114 0.0041
2 0.4153 0.3080 0.0174 0.0026
2 0.4436 0.2934 0.0171 0.0047
2 0.6324 0.2893 0.0171 0.0053
2 0.5944 0.2779 0.0107 0.0075
2 0.4844 0.2872 0.0057 0.0062
2 0.2517 0.3370 0.0154 0.0049
2 0.0549 0.4479 0.0141 0.0077
2 0.1200 0.4704 0.0110 0.0060
2 0.3720 0.6434 0.0184 0.0081
2 0.5032 0.7188 0.0197 0.0119
6 0.7279 0.3614 0.0114 0.0051
2 0.2282 0.5347 0.0134 0.0077
2 0.0423 0.4258 0.0057 0.0072
