0 0.2851 0.2253 0.1364 0.1124
2 0.4632 0.9464 0.0245 0.0178
2 0.2075 0.6275 0.0065 0.0135
2 0.2120 0.6158 0.0204 0.0110
2 0.2132 0.6523 0.0065 0.0104
2 0.2059 0.6526 0.0082 0.0123
2 0.0127 0.7754 0.0221 0.0129
2 0.0621 0.4559 0.0114 0.0123
2 0.0621 0.4268 0.0065 0.0129
2 0.0527 0.3928 0.0123 0.0098
2 0.0621 0.4164 0.0049 0.0092
2 0.4387 0.1320 0.0065 0.0092
2 0.4604 0.1213 0.0106 0.0074
2 0.4898 0.2356 0.0221 0.0067
2 0.7545 0.4390 0.0090 0.0116
2 0.7990 0.8189 0.0212 0.0165
2 0.0294 0.5340 0.0196 0.0067
2 0.2757 0.5751 0.0041 0.0129
