9 0.4005 0.7211 0.3624 0.2567
9 0.2078 0.5759 0.0565 0.0427
9 0.2336 0.6064 0.0380 0.0179
9 0.3186 0.7125 0.0559 0.0441
9 0.2285 0.7145 0.0437 0.0109
9 0.2854 0.7122 0.0278 0.0255
9 0.3317 0.9299 0.0575 0.0444
9 0.3679 0.9079 0.0294 0.0360
9 0.3399 0.9062 0.0238 0.0223
9 0.7397 0.6973 0.0622 0.0737
9 0.7669 0.6920 0.0265 0.0561
9 0.7646 0.6436 0.0284 0.0392
9 0.7599 0.6540 0.0119 0.0203
9 0.7383 0.6432 0.0301 0.0355
9 0.7321 0.6324 0.0331 0.0412
9 0.6888 0.6062 0.0668 0.0789
9 0.6870 0.6606 0.0605 0.0290
9 0.6673 0.6823 0.0271 0.0253
9 0.6948 0.6797 0.0238 0.0126
9 0.6271 0.6482 0.0572 0.0821
9 0.6397 0.5662 0.0248 0.0238
9 0.6303 0.5976 0.0185 0.0310
9 0.6101 0.5858 0.0172 0.0273
9 0.6106 0.5737 0.0215 0.0179
9 0.5919 0.6711 0.0192 0.0337
9 0.1966 0.4007 0.0698 0.0449
