59 0.3477 0.1262 0.0268 0.0130
59 0.3276 0.1659 0.0181 0.0115
59 0.3939 0.2344 0.0127 0.0147
59 0.4024 0.2673 0.0244 0.0151
59 0.5154 0.3288 0.0288 0.0175
20 0.5070 0.3919 0.1004 0.0520
20 0.5494 0.3867 0.0331 0.0456
59 0.4747 0.4412 0.0110 0.0201
59 0.6079 0.5890 0.0452 0.0105
59 0.5425 0.6435 0.0703 0.0224
59 0.8727 0.7159 0.0405 0.0301
59 0.2704 0.4383 0.0221 0.0166
59 0.2450 0.3887 0.0295 0.0117
58 0.4592 0.5533 0.0422 0.0132
58 0.4911 0.4897 0.0438 0.0134
20 0.5828 0.6830 0.1389 0.0802
59 0.7063 0.7433 0.0934 0.0277
32 0.9578 0.8977 0.0710 0.0190
58 0.6181 0.6394 0.0261 0.0254
59 0.6944 0.9838 0.0636 0.0320
58 0.6857 0.9135 0.0355 0.0243
58 0.5427 0.6007 0.0351 0.0151
58 0.2841 0.1078 0.0241 0.0036
58 0.6397 0.9897 0.0519 0.0186
