36 0.0506 0.1703 0.0488 0.0213
33 0.1606 0.5487 0.0938 0.1113
39 0.1090 0.4792 0.0375 0.0397
36 0.2377 0.6145 0.0890 0.0797
36 0.3292 0.6200 0.1690 0.1273
36 0.4339 0.6632 0.0917 0.1357
36 0.3619 0.8477 0.1688 0.1880
58 0.7361 0.1488 0.0732 0.0537
39 0.5694 0.4637 0.0348 0.0313
39 0.6375 0.5637 0.0155 0.0140
39 0.7016 0.5330 0.0132 0.0180
58 0.7678 0.5265 0.0140 0.0210
39 0.8785 0.5623 0.0435 0.0347
55 0.5503 0.1940 0.0130 0.0233
27 0.5585 0.2028 0.0115 0.0183
58 0.2147 0.5362 0.0345 0.0270
36 0.1026 0.6302 0.0442 0.0670
36 0.2175 0.6785 0.0435 0.0310
36 0.6847 0.9688 0.0820 0.0597
36 0.8989 0.6770 0.0607 0.0487
57 0.6491 0.4657 0.0372 0.0420
57 0.6844 0.3993 0.0367 0.0300
57 0.6999 0.5150 0.0248 0.0387
58 0.3453 0.4218 0.0185 0.0237
47 0.4365 0.5120 0.0395 0.0373
36 0.4060 0.5650 0.0410 0.0720
36 0.3545 0.5733 0.0365 0.0347
36 0.4188 0.5897 0.0335 0.0440
36 0.3845 0.5850 0.0265 0.0180
39 0.5780 0.6850 0.0380 0.0360
57 0.5837 0.9140 0.0465 0.0447
57 0.3514 0.5200 0.0253 0.0333
58 0.3558 0.5068 0.0185 0.0277
39 0.6250 0.5420 0.0305 0.0180
55 0.8666 0.5623 0.0558 0.0467
58 0.2221 0.7802 0.0243 0.0270
58 0.6781 0.9122 0.0168 0.0197
